800.0      190637075.63364
801.0      2585260.81789
802.0      -5520973.68413
803.0      1178.40037
804.0      -145.00937
805.0      179.42399
806.0      244.22666
807.0      343.82374
808.0      261.66047
809.0      240.10896
810.0      263.99717
811.0      248.62117
812.0      92.51508
813.0      234.59588
814.0      255.66940
815.0      213.85880
816.0      270.54011
817.0      431.97106
818.0      658.05865
819.0      627.68505
820.0      489.30018
821.0      269.68559
822.0      224.47745
823.0      348.28898
824.0      281.95316
825.0      167.63380
826.0      72.91996
827.0      173.21233
828.0      489.67390
829.0      577.10171
830.0      399.08350
831.0      209.73124
832.0      239.02754
833.0      264.90843
834.0      88.09674
835.0      102.67285
836.0      43.29532
837.0      169.08642
838.0      437.91951
839.0      559.20038
840.0      473.23714
841.0      387.09556
842.0      309.96212
843.0      106.84314
844.0      54.57252
845.0      126.60811
846.0      97.41445
847.0      155.30619
848.0      426.71598
849.0      551.56520
850.0      527.64310
851.0      448.32806
852.0      338.76325
853.0      157.79734
854.0      135.22884
855.0      186.67212
856.0      146.94673
857.0      135.19144
858.0      192.59264
859.0      298.67579
860.0      517.41896
861.0      531.10726
862.0      321.74830
863.0      196.82810
864.0      303.30275
865.0      324.87078
866.0      220.74771
867.0      128.85152
868.0      98.88850
869.0      192.00756
870.0      420.15107
871.0      512.01417
872.0      407.91367
873.0      327.59793
874.0      301.89576
875.0      220.45234
876.0      145.40743
877.0      96.96479
878.0      65.46082
879.0      153.43178
880.0      425.03047
881.0      489.37188
882.0      437.23672
883.0      382.73266
884.0      290.58553
885.0      165.43729
886.0      219.93864
887.0      207.35314
888.0      110.15937
889.0      125.26741
890.0      334.59973
891.0      388.02717
892.0      463.06920
893.0      466.69131
894.0      350.48388
895.0      202.63983
896.0      231.83073
897.0      219.35393
898.0      151.30940
899.0      142.63671
900.0      253.04154
901.0      323.48568
902.0      484.82942
903.0      462.33841
904.0      369.57922
905.0      305.50174
906.0      337.74509
907.0      226.59131
908.0      170.23073
909.0      206.88810
910.0      196.89634
911.0      220.21731
912.0      408.70682
913.0      495.92022
914.0      417.37047
915.0      347.39680
916.0      362.64449
917.0      288.43716
918.0      237.71751
919.0      183.15523
920.0      175.48148
921.0      232.72831
922.0      364.60898
923.0      393.13854
924.0      446.68331
925.0      426.65227
926.0      337.20918
927.0      230.59424
928.0      300.76889
929.0      278.76419
930.0      208.82955
931.0      214.12646
932.0      333.33191
933.0      381.35457
934.0      438.34867
935.0      433.31279
936.0      371.44142
937.0      289.43289
938.0      302.92317
939.0      252.16610
940.0      246.35529
941.0      253.41042
942.0      296.36418
943.0      320.98725
944.0      441.44659
945.0      464.36908
946.0      392.90864
947.0      349.30443
948.0      368.23206
949.0      335.16897
950.0      301.90944
951.0      285.45622
952.0      287.56439
953.0      314.46439
954.0      422.77827
955.0      426.74464
956.0      423.32301
957.0      398.49887
958.0      357.15735
959.0      255.32809
960.0      271.66080
961.0      286.27174
962.0      270.41402
963.0      273.82129
964.0      410.99794
965.0      451.14487
966.0      462.07861
967.0      391.07113
968.0      365.01891
969.0      348.91904
970.0      383.05588
971.0      338.60249
972.0      319.42026
973.0      357.33837
974.0      402.97569
975.0      393.03341
976.0      484.60296
977.0      508.30981
978.0      438.34175
979.0      331.97570
980.0      391.92334
981.0      392.79672
982.0      362.87137
983.0      317.72413
984.0      373.71301
985.0      417.97955
986.0      475.37024
987.0      459.97786
988.0      443.88673
989.0      420.57064
990.0      385.76882
991.0      331.04374
992.0      354.27560
993.0      368.12322
994.0      352.25580
995.0      379.93705
996.0      512.31559
997.0      537.59204
998.0      491.32784
999.0      433.16901
1000.0      448.13179
1001.0      410.37097
1002.0      397.07946
1003.0      344.21134
1004.0      364.67193
1005.0      392.60407
1006.0      466.69252
1007.0      476.46271
1008.0      534.97167
1009.0      521.73175
1010.0      465.79928
1011.0      406.01776
1012.0      427.61368
1013.0      397.79365
1014.0      366.06093
1015.0      363.18160
1016.0      436.34340
1017.0      475.19348
1018.0      520.20534
1019.0      503.60912
1020.0      485.22155
1021.0      463.05038
1022.0      456.79393
1023.0      397.46854
1024.0      414.30586
1025.0      418.83235
1026.0      433.96134
1027.0      416.85383
1028.0      529.90538
1029.0      554.98329
1030.0      516.94484
1031.0      450.37597
1032.0      463.54969
1033.0      467.59089
1034.0      446.66841
1035.0      407.19563
1036.0      421.66977
1037.0      482.64358
1038.0      551.95054
1039.0      532.93919
1040.0      558.79379
1041.0      547.08362
1042.0      503.31730
1043.0      419.30718
1044.0      481.40568
1045.0      481.11118
1046.0      461.27205
1047.0      442.28560
1048.0      546.16375
1049.0      562.84043
1050.0      562.28168
1051.0      510.03214
1052.0      507.40757
1053.0      489.97204
1054.0      476.43866
1055.0      429.26835
1056.0      456.42819
1057.0      495.03817
1058.0      506.87087
1059.0      507.95313
1060.0      590.25964
1061.0      607.41352
1062.0      552.39605
1063.0      488.48104
1064.0      533.88841
1065.0      517.81352
1066.0      511.73783
1067.0      473.22012
1068.0      527.27674
1069.0      551.47231
1070.0      597.84856
1071.0      564.74343
1072.0      556.89120
1073.0      542.00817
1074.0      512.66714
1075.0      489.93319
1076.0      533.03551
1077.0      536.56904
1078.0      492.53609
1079.0      487.57247
1080.0      579.33993
1081.0      601.94451
1082.0      603.56397
1083.0      559.74112
1084.0      563.60029
1085.0      534.00345
1086.0      544.38070
1087.0      486.35277
1088.0      515.69909
1089.0      533.58800
1090.0      579.19581
1091.0      555.22017
1092.0      627.37791
1093.0      629.65792
1094.0      582.68952
1095.0      528.55759
1096.0      569.04859
1097.0      574.52079
1098.0      546.51908
1099.0      538.33393
1100.0      609.94164
1101.0      656.40573
1102.0      686.28231
1103.0      630.07404
1104.0      654.69242
1105.0      653.89171
1106.0      635.54079
1107.0      533.87038
1108.0      579.27878
1109.0      599.50184
1110.0      593.13967
1111.0      562.39695
1112.0      658.28833
1113.0      682.19699
1114.0      669.67391
1115.0      624.98904
1116.0      635.45263
1117.0      629.26737
1118.0      618.13348
1119.0      583.26654
1120.0      601.64405
1121.0      632.87556
1122.0      644.36219
1123.0      618.85134
1124.0      707.89965
1125.0      724.09217
1126.0      682.38914
1127.0      601.74331
1128.0      667.15401
1129.0      638.43529
1130.0      602.66863
1131.0      568.64226
1132.0      645.66747
1133.0      666.50440
1134.0      695.98570
1135.0      676.39629
1136.0      701.40616
1137.0      688.99936
1138.0      654.54993
1139.0      592.22802
1140.0      624.25022
1141.0      646.86253
1142.0      628.68774
1143.0      619.47187
1144.0      705.30644
1145.0      723.94075
1146.0      699.16885
1147.0      643.45052
1148.0      672.53450
1149.0      651.61817
1150.0      662.10506
1151.0      605.57636
1152.0      645.20001
1153.0      659.65199
1154.0      699.30711
1155.0      664.27636
1156.0      715.87481
1157.0      728.79138
1158.0      688.85677
1159.0      625.24882
1160.0      659.65078
1161.0      671.46169
1162.0      640.57843
1163.0      614.32541
1164.0      680.73598
1165.0      718.55363
1166.0      754.03426
1167.0      719.94043
1168.0      747.08550
1169.0      739.22343
1170.0      732.73025
1171.0      642.96965
1172.0      679.83590
1173.0      686.58853
1174.0      699.32308
1175.0      688.92973
1176.0      806.92006
1177.0      827.25634
1178.0      784.69122
1179.0      725.41104
1180.0      738.42637
1181.0      734.35727
1182.0      695.55232
1183.0      668.63597
1184.0      701.80143
1185.0      753.49405
1186.0      766.41183
1187.0      735.59963
1188.0      795.08554
1189.0      795.55813
1190.0      767.16433
1191.0      694.56648
1192.0      771.89596
1193.0      755.62106
1194.0      726.14397
1195.0      669.51478
1196.0      745.69160
1197.0      782.42894
1198.0      804.70902
1199.0      779.03591
1200.0      794.06278
1201.0      784.99371
1202.0      737.48788
1203.0      675.86487
1204.0      701.40519
1205.0      731.12934
1206.0      733.04776
1207.0      723.88801
1208.0      817.61554
1209.0      836.49648
1210.0      809.21077
1211.0      737.05839
1212.0      770.22362
1213.0      727.35311
1214.0      700.40463
1215.0      645.37769
1216.0      714.78137
1217.0      758.90217
1218.0      795.25383
1219.0      760.95529
1220.0      784.50695
1221.0      783.67757
1222.0      748.57157
1223.0      716.89299
1224.0      775.39273
1225.0      799.59314
1226.0      769.96524
1227.0      736.83128
1228.0      812.00444
1229.0      848.38548
1230.0      867.15029
1231.0      801.83745
1232.0      819.45028
1233.0      801.22117
1234.0      798.40954
1235.0      718.84033
1236.0      759.33235
1237.0      767.80475
1238.0      774.89573
1239.0      740.91812
1240.0      828.04133
1241.0      850.95783
1242.0      813.35923
1243.0      756.77679
1244.0      790.21592
1245.0      797.88628
1246.0      754.69057
1247.0      716.18076
1248.0      773.03308
1249.0      832.99185
1250.0      874.42253
1251.0      841.62956
1252.0      881.06831
1253.0      868.33945
1254.0      836.71206
1255.0      744.76809
1256.0      791.50290
1257.0      796.14399
1258.0      794.22079
1259.0      774.05915
1260.0      869.36606
1261.0      888.82577
1262.0      873.12024
1263.0      820.85362
1264.0      826.78539
1265.0      810.89506
1266.0      771.61231
1267.0      711.48938
1268.0      743.83313
1269.0      792.68742
1270.0      818.43388
1271.0      785.50204
1272.0      855.19972
1273.0      859.97196
1274.0      829.58694
1275.0      758.45433
1276.0      836.43983
1277.0      841.63176
1278.0      840.33197
1279.0      793.02869
1280.0      850.83844
1281.0      861.58866
1282.0      874.82035
1283.0      838.99265
1284.0      855.57951
1285.0      858.13944
1286.0      825.52568
1287.0      760.25124
1288.0      775.57796
1289.0      792.39453
1290.0      803.21429
1291.0      801.13917
1292.0      885.32984
1293.0      890.62206
1294.0      867.05010
1295.0      800.01544
1296.0      824.95036
1297.0      806.27109
1298.0      800.31934
1299.0      744.85212
1300.0      795.45434
1301.0      838.53761
1302.0      875.35433
1303.0      838.37614
1304.0      893.86684
1305.0      919.27918
1306.0      874.06025
1307.0      808.86192
1308.0      839.62969
1309.0      844.27910
1310.0      806.26081
1311.0      780.73887
1312.0      851.33983
1313.0      883.49389
1314.0      907.51584
1315.0      855.52165
1316.0      888.63599
1317.0      880.58440
1318.0      872.98210
1319.0      792.06257
1320.0      828.01929
1321.0      833.57260
1322.0      830.87272
1323.0      813.39398
1324.0      905.77476
1325.0      921.28007
1326.0      879.75112
1327.0      831.70064
1328.0      855.88975
1329.0      861.17069
1330.0      840.91158
1331.0      818.91239
1332.0      848.56484
1333.0      880.38374
1334.0      897.28826
1335.0      864.72019
1336.0      930.69143
1337.0      922.37642
1338.0      886.93349
1339.0      796.04384
1340.0      850.28408
1341.0      834.57512
1342.0      826.21452
1343.0      810.49442
1344.0      894.40550
1345.0      917.60314
1346.0      921.45821
1347.0      880.28261
1348.0      886.70070
1349.0      875.17554
1350.0      844.74335
1351.0      784.18774
1352.0      803.67303
1353.0      827.28273
1354.0      826.79132
1355.0      817.23178
1356.0      905.87465
1357.0      914.91577
1358.0      882.12946
1359.0      812.68242
1360.0      845.05980
1361.0      814.32160
1362.0      806.66633
1363.0      764.05616
1364.0      802.58599
1365.0      833.52376
1366.0      861.55857
1367.0      833.95142
1368.0      864.02747
1369.0      885.37412
1370.0      837.62407
1371.0      762.07581
1372.0      790.39688
1373.0      815.22991
1374.0      804.64193
1375.0      785.00318
1376.0      864.91838
1377.0      889.15216
1378.0      901.76680
1379.0      836.24384
1380.0      843.97230
1381.0      818.15952
1382.0      827.68916
1383.0      770.22352
1384.0      811.64875
1385.0      828.24167
1386.0      839.10758
1387.0      809.01896
1388.0      878.96129
1389.0      891.19289
1390.0      838.04207
1391.0      778.26558
1392.0      801.70227
1393.0      801.39580
1394.0      776.63856
1395.0      754.05991
1396.0      811.78551
1397.0      845.77275
1398.0      865.26012
1399.0      817.43500
1400.0      847.77756
1401.0      827.85949
1402.0      805.66132
1403.0      756.61026
1404.0      814.29501
1405.0      809.70522
1406.0      792.21068
1407.0      791.17308
1408.0      876.63534
1409.0      899.27503
1410.0      880.42847
1411.0      838.14557
1412.0      842.83879
1413.0      831.19865
1414.0      813.90929
1415.0      780.23287
1416.0      815.44259
1417.0      837.46420
1418.0      848.81700
1419.0      840.04053
1420.0      908.37831
1421.0      900.16038
1422.0      860.97712
1423.0      789.46612
1424.0      817.44207
1425.0      795.20107
1426.0      789.64124
1427.0      755.22935
1428.0      815.41470
1429.0      855.57806
1430.0      879.98495
1431.0      839.71927
1432.0      849.12561
1433.0      862.32776
1434.0      837.11792
1435.0      779.05260
1436.0      797.58285
1437.0      812.45656
1438.0      807.45033
1439.0      786.17425
1440.0      860.68464
1441.0      874.21672
1442.0      861.75330
1443.0      798.12080
1444.0      825.15646
1445.0      825.51631
1446.0      824.65825
1447.0      773.60149
1448.0      813.08304
1449.0      830.44160
1450.0      838.02939
1451.0      802.97070
1452.0      856.14596
1453.0      862.58998
1454.0      817.19857
1455.0      766.25828
1456.0      802.78534
1457.0      803.77355
1458.0      769.80559
1459.0      734.76519
1460.0      799.80742
1461.0      833.63323
1462.0      858.12284
1463.0      808.52786
1464.0      837.59580
1465.0      819.79903
1466.0      792.61653
1467.0      727.00598
1468.0      771.48363
1469.0      778.16827
1470.0      779.04568
1471.0      760.08806
1472.0      824.86661
1473.0      832.23571
1474.0      814.22586
1475.0      767.15784
1476.0      771.65074
1477.0      768.92953
1478.0      760.40363
1479.0      721.54570
1480.0      746.78541
1481.0      775.77679
1482.0      814.30685
1483.0      793.01466
1484.0      841.62284
1485.0      816.34564
1486.0      783.81275
1487.0      723.75637
1488.0      772.83978
1489.0      761.81164
1490.0      758.00274
1491.0      725.95693
1492.0      773.44682
1493.0      790.76860
1494.0      805.75977
1495.0      770.74785
1496.0      789.16260
1497.0      802.34360
1498.0      781.40279
1499.0      720.82773
1500.0      753.59244
1501.0      780.03470
1502.0      773.84837
1503.0      738.64607
1504.0      803.85839
1505.0      807.40049
1506.0      793.25786
1507.0      745.75988
1508.0      779.47464
1509.0      755.95648
1510.0      748.25646
1511.0      695.59540
1512.0      731.56862
1513.0      755.78703
1514.0      776.84766
1515.0      736.05671
1516.0      766.02216
1517.0      769.84197
1518.0      733.53677
1519.0      694.73097
1520.0      759.27653
1521.0      771.81708
1522.0      743.97428
1523.0      700.70853
1524.0      763.22634
1525.0      779.35876
1526.0      793.47551
1527.0      751.47682
1528.0      776.44090
1529.0      764.30898
1530.0      742.26391
1531.0      689.21788
1532.0      737.94529
1533.0      757.76855
1534.0      741.93458
1535.0      715.28405
1536.0      784.05890
1537.0      796.97760
1538.0      764.28263
1539.0      723.46579
1540.0      746.62164
1541.0      734.73925
1542.0      714.94705
1543.0      683.76311
1544.0      725.14966
1545.0      754.89232
1546.0      778.70423
1547.0      735.45182
1548.0      762.89926
1549.0      751.36016
1550.0      727.87572
1551.0      658.80045
1552.0      690.81370
1553.0      681.19906
1554.0      679.05128
1555.0      668.05199
1556.0      735.33217
1557.0      747.62445
1558.0      753.45352
1559.0      719.53789
1560.0      729.06403
1561.0      720.40914
1562.0      712.95156
1563.0      659.91388
1564.0      679.89298
1565.0      699.28919
1566.0      696.61447
1567.0      657.21423
1568.0      720.08762
1569.0      739.43536
1570.0      722.27278
1571.0      666.80494
1572.0      707.47467
1573.0      696.52516
1574.0      676.48766
1575.0      613.02369
1576.0      647.00176
1577.0      687.06095
1578.0      719.69694
1579.0      697.74219
1580.0      739.93114
1581.0      753.88920
1582.0      710.27426
1583.0      655.46068
1584.0      695.92456
1585.0      700.80840
1586.0      671.54294
1587.0      655.97890
1588.0      725.06206
1589.0      738.55612
1590.0      737.05027
1591.0      686.28003
1592.0      696.56932
1593.0      673.42066
1594.0      666.86312
1595.0      609.90837
1596.0      650.74338
1597.0      672.19866
1598.0      684.78402
1599.0      655.97974
1600.0      720.96786
1601.0      729.61168
1602.0      686.98796
1603.0      631.64615
1604.0      656.45505
1605.0      661.03081
1606.0      645.47833
1607.0      615.58009
1608.0      643.03249
1609.0      665.73413
1610.0      696.59086
1611.0      667.71478
1612.0      702.25367
1613.0      685.62259
1614.0      656.76180
1615.0      584.98239
1616.0      621.97780
1617.0      610.03098
1618.0      592.57260
1619.0      572.28130
1620.0      652.62844
1621.0      682.93439
1622.0      692.38646
1623.0      646.08453
1624.0      648.17680
1625.0      628.79924
1626.0      613.76458
1627.0      559.74256
1628.0      599.08089
1629.0      642.32303
1630.0      673.63320
1631.0      647.17122
1632.0      704.40706
1633.0      702.26034
1634.0      680.88308
1635.0      627.62602
1636.0      667.16777
1637.0      666.86944
1638.0      664.71005
1639.0      630.94990
1640.0      671.26715
1641.0      703.66966
1642.0      715.96096
1643.0      666.02182
1644.0      669.13672
1645.0      670.47879
1646.0      639.42317
1647.0      572.99605
1648.0      591.17521
1649.0      600.12278
1650.0      593.80057
1651.0      587.61743
1652.0      666.23704
1653.0      688.82758
1654.0      680.72660
1655.0      636.74168
1656.0      665.53165
1657.0      660.51849
1658.0      647.76676
1659.0      577.64976
1660.0      597.55827
1661.0      607.19108
1662.0      624.12587
1663.0      607.20001
1664.0      670.25858
1665.0      677.92576
1666.0      630.31453
1667.0      571.87135
1668.0      586.98843
1669.0      560.70026
1670.0      528.53055
1671.0      513.47059
1672.0      573.95533
1673.0      598.35979
1674.0      622.42487
1675.0      597.15661
1676.0      616.19206
1677.0      598.63766
1678.0      583.46422
1679.0      530.82768
1680.0      554.85672
1681.0      535.12367
1682.0      533.19368
1683.0      516.30855
1684.0      589.96254
1685.0      603.39310
1686.0      595.76571
1687.0      556.46986
1688.0      556.75937
1689.0      540.95198
1690.0      514.58247
1691.0      466.63252
1692.0      478.24857
1693.0      504.68906
1694.0      545.25912
1695.0      525.99616
1696.0      573.05281
1697.0      564.01302
1698.0      530.23936
1699.0      461.71009
1700.0      499.45888
1701.0      504.17648
1702.0      493.18578
1703.0      456.22055
1704.0      517.94024
1705.0      565.13156
1706.0      596.72723
1707.0      556.88987
1708.0      576.21411
1709.0      577.11298
1710.0      546.82421
1711.0      485.73410
1712.0      516.78173
1713.0      537.21199
1714.0      525.77388
1715.0      512.40011
1716.0      588.87039
1717.0      616.34130
1718.0      597.04087
1719.0      547.23233
1720.0      563.22699
1721.0      535.50526
1722.0      519.33903
1723.0      478.02073
1724.0      526.29667
1725.0      552.24062
1726.0      586.83842
1727.0      567.72377
1728.0      620.64271
1729.0      622.03595
1730.0      579.03335
1731.0      546.53193
1732.0      598.93478
1733.0      598.78615
1734.0      558.24422
1735.0      542.83151
1736.0      604.20310
1737.0      627.11013
1738.0      637.04027
1739.0      611.80889
1740.0      636.77179
1741.0      626.28361
1742.0      600.71779
1743.0      540.53785
1744.0      575.54845
1745.0      598.36657
1746.0      614.69682
1747.0      601.83874
1748.0      673.23691
1749.0      685.92279
1750.0      670.41217
1751.0      626.92010
1752.0      634.58681
1753.0      613.56594
1754.0      604.29999
1755.0      586.36885
1756.0      610.81479
1757.0      631.77059
1758.0      653.97024
1759.0      630.10493
1760.0      665.10927
1761.0      664.73984
1762.0      635.54276
1763.0      573.22747
1764.0      611.53614
1765.0      606.36637
1766.0      594.55249
1767.0      574.03349
1768.0      643.90622
1769.0      664.92574
1770.0      678.59154
1771.0      634.97707
1772.0      642.70011
1773.0      629.63836
1774.0      619.85309
1775.0      573.03447
1776.0      597.28222
1777.0      625.48725
1778.0      628.71516
1779.0      603.70169
1780.0      654.30124
1781.0      662.04672
1782.0      641.23347
1783.0      603.21001
1784.0      646.47762
1785.0      631.30005
1786.0      615.43371
1787.0      580.65628
1788.0      623.49105
1789.0      646.17295
1790.0      664.83200
1791.0      635.91643
1792.0      660.01577
1793.0      649.34311
1794.0      607.44111
1795.0      548.08160
1796.0      580.81037
1797.0      597.08889
1798.0      587.66662
1799.0      578.53928
1800.0      628.87576
1801.0      636.89533
1802.0      624.62558
1803.0      590.06514
1804.0      599.79041
1805.0      579.43865
1806.0      577.43966
1807.0      543.84620
1808.0      595.16600
1809.0      621.13194
1810.0      642.22740
1811.0      616.86040
1812.0      660.81481
1813.0      655.14765
1814.0      615.22709
1815.0      571.92364
1816.0      589.53444
1817.0      588.70825
1818.0      574.49918
1819.0      554.93165
1820.0      576.45844
1821.0      603.53179
1822.0      622.51398
1823.0      595.99529
1824.0      613.33563
1825.0      620.98316
1826.0      605.34158
1827.0      548.94752
1828.0      575.18037
1829.0      566.19897
1830.0      553.01516
1831.0      532.49657
1832.0      608.27743
1833.0      630.51995
1834.0      628.75587
1835.0      578.43048
1836.0      574.02110
1837.0      560.74999
1838.0      543.06388
1839.0      498.86441
1840.0      516.08368
1841.0      550.53174
1842.0      572.69770
1843.0      563.71534
1844.0      613.79138
1845.0      609.68666
1846.0      575.49718
1847.0      523.82213
1848.0      562.87777
1849.0      556.34464
1850.0      546.72903
1851.0      511.34092
1852.0      558.48274
1853.0      582.82760
1854.0      598.67833
1855.0      555.61652
1856.0      567.57600
1857.0      568.83111
1858.0      553.28008
1859.0      519.57049
1860.0      548.08840
1861.0      548.67743
1862.0      519.48946
1863.0      507.95032
1864.0      568.62518
1865.0      587.11839
1866.0      574.85341
1867.0      530.93466
1868.0      536.25952
1869.0      516.15808
1870.0      508.77666
1871.0      466.55546
1872.0      495.82929
1873.0      509.51842
1874.0      531.54599
1875.0      522.73000
1876.0      571.65390
1877.0      577.08834
1878.0      550.76026
1879.0      516.51663
1880.0      541.33524
1881.0      540.64912
1882.0      528.71165
1883.0      515.21266
1884.0      549.24671
1885.0      564.35034
1886.0      570.55731
1887.0      535.83479
1888.0      539.27909
1889.0      531.47659
1890.0      522.02938
1891.0      476.25451
1892.0      507.83225
1893.0      513.80037
1894.0      523.83996
1895.0      507.72013
1896.0      562.08912
1897.0      562.06517
1898.0      542.68358
1899.0      498.33396
1900.0      510.47515
1901.0      514.72238
1902.0      501.24584
1903.0      462.49246
1904.0      484.55262
1905.0      512.05755
1906.0      519.98064
1907.0      508.56433
1908.0      555.20673
1909.0      555.43905
1910.0      509.27304
1911.0      452.09682
1912.0      479.66689
1913.0      481.39289
1914.0      466.25683
1915.0      430.16698
1916.0      476.47689
1917.0      500.28932
1918.0      518.03198
1919.0      483.48073
1920.0      499.23158
1921.0      496.29606
1922.0      482.98349
1923.0      447.74062
1924.0      465.49312
1925.0      473.83084
1926.0      470.12078
1927.0      472.64608
1928.0      525.10515
1929.0      535.25126
1930.0      523.52951
1931.0      494.07628
1932.0      517.67598
1933.0      506.95955
1934.0      502.52582
1935.0      461.81505
1936.0      492.68151
1937.0      502.02148
1938.0      519.10585
1939.0      485.22813
1940.0      521.24659
1941.0      522.15532
1942.0      503.88760
1943.0      472.79843
1944.0      497.38707
1945.0      496.24115
1946.0      474.46874
1947.0      456.54012
1948.0      482.77069
1949.0      502.85335
1950.0      513.45362
1951.0      483.67856
1952.0      492.21240
1953.0      489.58033
1954.0      484.93786
1955.0      432.63404
1956.0      456.05099
1957.0      464.90531
1958.0      484.98905
1959.0      473.45615
1960.0      522.02960
1961.0      520.36484
1962.0      506.53151
1963.0      479.79422
1964.0      490.77192
1965.0      481.57125
1966.0      462.71866
1967.0      432.78186
1968.0      450.17277
1969.0      474.24824
1970.0      481.23255
1971.0      451.20692
1972.0      480.84515
1973.0      489.41414
1974.0      468.33529
1975.0      418.85799
1976.0      455.58477
1977.0      454.86919
1978.0      453.43485
1979.0      427.32628
1980.0      474.39959
1981.0      486.45659
1982.0      504.04504
1983.0      474.96674
1984.0      497.19866
1985.0      506.82951
1986.0      487.16657
1987.0      435.42285
1988.0      449.18472
1989.0      467.70644
1990.0      454.01502
1991.0      438.84980
1992.0      486.57091
1993.0      490.86423
1994.0      471.04782
1995.0      437.64143
1996.0      464.99368
1997.0      448.89726
1998.0      439.81363
1999.0      410.46560
2000.0      439.42594
2001.0      444.56423
2002.0      461.99984
2003.0      447.25363
2004.0      480.73250
2005.0      474.71207
2006.0      446.90739
2007.0      413.77087
2008.0      437.38329
2009.0      442.22304
2010.0      434.01181
2011.0      431.53456
2012.0      458.04366
2013.0      460.38244
2014.0      466.28073
2015.0      437.76113
2016.0      444.94846
2017.0      437.79283
2018.0      440.69784
2019.0      396.15225
2020.0      420.00695
2021.0      425.93522
2022.0      432.71891
2023.0      408.56485
2024.0      459.48407
2025.0      469.14578
2026.0      450.71488
2027.0      416.02234
2028.0      434.02644
2029.0      431.46741
2030.0      410.95358
2031.0      378.88459
2032.0      390.15010
2033.0      412.59525
2034.0      433.16254
2035.0      419.28370
2036.0      453.78213
2037.0      459.94174
2038.0      447.06682
2039.0      407.93056
2040.0      442.27424
2041.0      422.23008
2042.0      398.36400
2043.0      372.26398
2044.0      426.66848
2045.0      430.05314
2046.0      439.31263
2047.0      422.90288
2048.0      439.39702
2049.0      431.49283
2050.0      414.07923
2051.0      381.15594
2052.0      388.19165
2053.0      405.40142
2054.0      403.05594
2055.0      388.86035
2056.0      427.61863
2057.0      434.62085
2058.0      420.03762
2059.0      391.00319
2060.0      418.81945
2061.0      404.86368
2062.0      393.35735
2063.0      362.21478
2064.0      390.68646
2065.0      398.66171
2066.0      421.85733
2067.0      402.80704
2068.0      431.28251
2069.0      434.32764
2070.0      410.95216
2071.0      369.27080
2072.0      385.59152
2073.0      386.20239
2074.0      362.67747
2075.0      347.37652
2076.0      389.36654
2077.0      410.14533
2078.0      430.24286
2079.0      411.72597
2080.0      423.62476
2081.0      410.08901
2082.0      407.94399
2083.0      363.71416
2084.0      383.02850
2085.0      388.52016
2086.0      402.03904
2087.0      382.66609
2088.0      427.34294
2089.0      436.20232
2090.0      423.40612
2091.0      392.17413
2092.0      402.61443
2093.0      395.72762
2094.0      377.12236
2095.0      362.32396
2096.0      385.24673
2097.0      408.26986
2098.0      420.95843
2099.0      401.00595
2100.0      424.54798
2101.0      429.60758
2102.0      417.97642
2103.0      363.49568
2104.0      381.28348
2105.0      370.51085
2106.0      364.33977
2107.0      343.16446
2108.0      394.99365
2109.0      415.22151
2110.0      416.56396
2111.0      386.04947
2112.0      389.41716
2113.0      386.48049
2114.0      365.30155
2115.0      333.36148
2116.0      348.61883
2117.0      366.25573
2118.0      372.01870
2119.0      362.28818
2120.0      408.76584
2121.0      413.38671
2122.0      392.41320
2123.0      352.96206
2124.0      381.26184
2125.0      365.40793
2126.0      347.16731
2127.0      317.64772
2128.0      357.00368
2129.0      377.98141
2130.0      401.59336
2131.0      386.33998
2132.0      393.12725
2133.0      384.39158
2134.0      358.55951
2135.0      331.56735
2136.0      343.06670
2137.0      349.90275
2138.0      336.77214
2139.0      336.68984
2140.0      382.90767
2141.0      396.76494
2142.0      392.33243
2143.0      364.42266
2144.0      374.67504
2145.0      355.05244
2146.0      345.59890
2147.0      307.17702
2148.0      330.57380
2149.0      338.99541
2150.0      357.50669
2151.0      348.49835
2152.0      391.26618
2153.0      397.78752
2154.0      370.98061
2155.0      338.69265
2156.0      356.55607
2157.0      362.32321
2158.0      343.07889
2159.0      322.50612
2160.0      344.82846
2161.0      367.90899
2162.0      387.47948
2163.0      368.02147
2164.0      375.87903
2165.0      361.71296
2166.0      348.95843
2167.0      302.07509
2168.0      334.33413
2169.0      342.22138
2170.0      345.90030
2171.0      328.39853
2172.0      375.77360
2173.0      382.39295
2174.0      370.52433
2175.0      342.57042
2176.0      347.19151
2177.0      338.02916
2178.0      322.22883
2179.0      297.15956
2180.0      315.84494
2181.0      341.78303
2182.0      359.47836
2183.0      351.75944
2184.0      387.17678
2185.0      385.11597
2186.0      360.89148
2187.0      313.94332
2188.0      339.92018
2189.0      320.55432
2190.0      314.31953
2191.0      293.91044
2192.0      333.73916
2193.0      350.06639
2194.0      373.22050
2195.0      357.32170
2196.0      356.15050
2197.0      356.19201
2198.0      334.59940
2199.0      296.77998
2200.0      309.98653
2201.0      326.07804
2202.0      318.14846
2203.0      308.09082
2204.0      357.64573
2205.0      368.76168
2206.0      367.98084
2207.0      334.19735
2208.0      335.81269
2209.0      310.67076
2210.0      309.85580
2211.0      278.13679
2212.0      305.31985
2213.0      328.85259
2214.0      360.05200
2215.0      340.76709
2216.0      367.14072
2217.0      367.89666
2218.0      340.92212
2219.0      300.94486
2220.0      302.60713
2221.0      294.13040
2222.0      281.41058
2223.0      283.80859
2224.0      313.60390
2225.0      325.77729
2226.0      348.65018
2227.0      329.81509
2228.0      336.23488
2229.0      325.34767
2230.0      315.49687
2231.0      266.58197
2232.0      286.08263
2233.0      302.68027
2234.0      305.91249
2235.0      294.35652
2236.0      340.12856
2237.0      360.11510
2238.0      349.78157
2239.0      320.25469
2240.0      313.26876
2241.0      299.75923
2242.0      283.63252
2243.0      265.75897
2244.0      277.52247
2245.0      299.00634
2246.0      317.80447
2247.0      309.21284
2248.0      342.67998
2249.0      337.59047
2250.0      318.08641
2251.0      276.41672
2252.0      305.36051
2253.0      285.22245
2254.0      269.06518
2255.0      256.79473
2256.0      300.27991
2257.0      319.37849
2258.0      336.19081
2259.0      322.69968
2260.0      319.45984
2261.0      308.51418
2262.0      303.07426
2263.0      282.82089
2264.0      290.80006
2265.0      293.61008
2266.0      289.84044
2267.0      292.37098
2268.0      331.56999
2269.0      336.13222
2270.0      323.00347
2271.0      290.14639
2272.0      290.71526
2273.0      268.86371
2274.0      275.39273
2275.0      254.23365
2276.0      270.56137
2277.0      280.99049
2278.0      307.83739
2279.0      295.77123
2280.0      311.78315
2281.0      310.59340
2282.0      284.30741
2283.0      251.09216
2284.0      265.98670
2285.0      270.84628
2286.0      255.49627
2287.0      245.26735
2288.0      285.11028
2289.0      310.49699
2290.0      326.07920
2291.0      289.78366
2292.0      279.24208
2293.0      268.63602
2294.0      261.98495
2295.0      227.28221
2296.0      241.90388
2297.0      256.20844
2298.0      259.60745
2299.0      256.40395
2300.0      303.61407
2301.0      314.91405
2302.0      294.74380
2303.0      262.06818
2304.0      262.11687
2305.0      257.85892
2306.0      251.66744
2307.0      244.76228
2308.0      255.23415
2309.0      271.42531
2310.0      290.95807
2311.0      283.53144
2312.0      307.83886
2313.0      297.11765
2314.0      275.80325
2315.0      234.50287
2316.0      269.51231
2317.0      268.75254
2318.0      259.47271
2319.0      238.49859
2320.0      272.40529
2321.0      286.03239
2322.0      298.52673
2323.0      283.97157
2324.0      280.74162
2325.0      273.51546
2326.0      262.16207
2327.0      244.99780
2328.0      256.70739
2329.0      266.98488
2330.0      264.17070
2331.0      263.25485
2332.0      305.16481
2333.0      305.69397
2334.0      288.35684
2335.0      254.33199
2336.0      258.43091
2337.0      245.12218
2338.0      248.61844
2339.0      232.59326
2340.0      249.74582
2341.0      265.08368
2342.0      294.59548
2343.0      292.29497
2344.0      305.99272
2345.0      296.40265
2346.0      270.17784
2347.0      237.52663
2348.0      243.48245
2349.0      248.48818
2350.0      246.39193
2351.0      241.84097
2352.0      271.96894
2353.0      284.34497
2354.0      296.41901
2355.0      271.65726
2356.0      269.85711
2357.0      260.26403
2358.0      262.97265
2359.0      231.68350
2360.0      245.05711
2361.0      252.11027
2362.0      259.74098
2363.0      253.01669
2364.0      290.43043
2365.0      295.72111
2366.0      266.49693
2367.0      241.42901
2368.0      256.48248
2369.0      267.63446
2370.0      253.16342
2371.0      230.92691
2372.0      245.06368
2373.0      259.06297
2374.0      280.13967
2375.0      269.02565
2376.0      290.10052
2377.0      276.80482
2378.0      256.45623
2379.0      224.12344
2380.0      248.17983
2381.0      242.95372
2382.0      234.08727
2383.0      233.48935
2384.0      277.15669
2385.0      282.52978
2386.0      282.71386
2387.0      265.61156
2388.0      258.12372
2389.0      246.63805
2390.0      238.71200
2391.0      230.13063
2392.0      242.32511
2393.0      252.30738
2394.0      250.15796
2395.0      243.61548
2396.0      275.23018
2397.0      272.52675
2398.0      259.80749
2399.0      231.90217
2400.0      242.23433
2401.0      227.67214
2402.0      228.92276
2403.0      214.58604
2404.0      229.16563
2405.0      244.12043
2406.0      263.53586
2407.0      250.01701
2408.0      246.77700
2409.0      246.89354
2410.0      236.87805
2411.0      215.58569
2412.0      226.61118
2413.0      223.34503
2414.0      217.41495
2415.0      214.92729
2416.0      253.26084
2417.0      259.91207
2418.0      268.76179
2419.0      246.52201
2420.0      250.24877
2421.0      239.27609
2422.0      239.00987
2423.0      205.18650
2424.0      222.16172
2425.0      237.80858
2426.0      244.94445
2427.0      235.96515
2428.0      270.08141
2429.0      278.98936
2430.0      251.87903
2431.0      225.13507
2432.0      234.23296
2433.0      235.15996
2434.0      228.12214
2435.0      215.88382
2436.0      225.77397
2437.0      237.42945
2438.0      251.18206
2439.0      238.20582
2440.0      248.19996
2441.0      244.25743
2442.0      226.67847
2443.0      194.51195
2444.0      219.32274
2445.0      216.60750
2446.0      206.47571
2447.0      197.56363
2448.0      236.44998
2449.0      247.88324
2450.0      250.63836
2451.0      235.90614
2452.0      229.06803
2453.0      226.34097
2454.0      228.31403
2455.0      213.54502
2456.0      219.50309
2457.0      223.53165
2458.0      228.43164
2459.0      218.10749
2460.0      254.15069
2461.0      250.70048
2462.0      234.34180
2463.0      214.04006
2464.0      235.23595
2465.0      219.05741
2466.0      212.06585
2467.0      202.87599
2468.0      216.36517
2469.0      226.40590
2470.0      250.42910
2471.0      242.93749
2472.0      242.24075
2473.0      241.08246
2474.0      224.16665
2475.0      197.94366
2476.0      205.36806
2477.0      208.83144
2478.0      200.27588
2479.0      200.08318
2480.0      236.65672
2481.0      243.48452
2482.0      252.27746
2483.0      226.41743
2484.0      224.14578
2485.0      207.97127
2486.0      224.87402
2487.0      197.53849
2488.0      205.60729
2489.0      214.50099
2490.0      225.35065
2491.0      211.45251
2492.0      250.56014
2493.0      270.76558
2494.0      243.06362
2495.0      211.57361
2496.0      225.33531
2497.0      220.79836
2498.0      204.54053
2499.0      188.98175
2500.0      207.88459
