800.0      243762858.50335
801.0      32634993.89612
802.0      -13636113.60377
803.0      321.87623
804.0      641.01313
805.0      622.08962
806.0      485.81907
807.0      509.95524
808.0      422.29921
809.0      265.08059
810.0      422.21519
811.0      532.43512
812.0      369.13169
813.0      185.04080
814.0      475.78210
815.0      650.90840
816.0      897.56000
817.0      925.54782
818.0      686.29996
819.0      477.55520
820.0      551.06044
821.0      486.57774
822.0      277.71032
823.0      335.70962
824.0      587.02342
825.0      622.69853
826.0      993.26895
827.0      967.99855
828.0      771.16747
829.0      586.65186
830.0      799.87541
831.0      581.96491
832.0      407.49186
833.0      352.79436
834.0      468.69143
835.0      470.48533
836.0      881.56970
837.0      1035.17868
838.0      863.42011
839.0      659.56861
840.0      736.58154
841.0      692.48553
842.0      557.20793
843.0      447.11095
844.0      432.22873
845.0      535.16489
846.0      881.21119
847.0      886.97824
848.0      910.21434
849.0      847.61224
850.0      778.58590
851.0      507.61590
852.0      609.22327
853.0      582.54269
854.0      408.50881
855.0      389.50721
856.0      764.79152
857.0      891.92862
858.0      855.21401
859.0      825.04098
860.0      766.76139
861.0      601.85548
862.0      562.96132
863.0      494.93369
864.0      475.59238
865.0      473.18961
866.0      714.88327
867.0      745.60320
868.0      909.77475
869.0      853.70115
870.0      742.10380
871.0      635.84702
872.0      774.81531
873.0      678.44422
874.0      527.89035
875.0      479.27379
876.0      688.55101
877.0      730.39777
878.0      907.20859
879.0      912.69454
880.0      815.89634
881.0      715.75734
882.0      772.32523
883.0      687.93177
884.0      596.63054
885.0      536.66337
886.0      613.02761
887.0      648.40351
888.0      938.96802
889.0      976.45526
890.0      896.78763
891.0      729.17656
892.0      789.38979
893.0      720.51657
894.0      669.71765
895.0      587.37999
896.0      613.69293
897.0      683.32987
898.0      871.13538
899.0      894.64178
900.0      871.78428
901.0      822.16717
902.0      810.26266
903.0      697.32002
904.0      752.16014
905.0      736.07050
906.0      714.37188
907.0      683.54040
908.0      911.31275
909.0      945.38244
910.0      890.99351
911.0      766.43533
912.0      784.62737
913.0      748.92454
914.0      767.49602
915.0      663.64722
916.0      664.96727
917.0      703.79907
918.0      848.87933
919.0      855.67091
920.0      996.94003
921.0      1024.54092
922.0      900.02694
923.0      733.80249
924.0      828.79442
925.0      827.10077
926.0      735.40547
927.0      652.08696
928.0      833.14762
929.0      886.94497
930.0      970.29037
931.0      902.27151
932.0      900.90937
933.0      835.59218
934.0      833.11643
935.0      735.21061
936.0      763.64701
937.0      795.12358
938.0      823.71247
939.0      805.43788
940.0      992.92446
941.0      1024.06355
942.0      931.69766
943.0      823.20183
944.0      890.47158
945.0      829.17091
946.0      767.88066
947.0      772.37633
948.0      851.04799
949.0      885.48753
950.0      980.62476
951.0      988.27197
952.0      1016.57620
953.0      974.47070
954.0      943.34142
955.0      801.82884
956.0      844.94013
957.0      832.72247
958.0      802.79175
959.0      738.06519
960.0      892.74883
961.0      971.77955
962.0      1009.47645
963.0      959.79460
964.0      985.12672
965.0      948.60644
966.0      927.43902
967.0      842.00783
968.0      837.58669
969.0      878.00903
970.0      979.28273
971.0      964.77565
972.0      1046.10204
973.0      1048.52829
974.0      1003.51710
975.0      878.96658
976.0      958.37797
977.0      931.56918
978.0      885.13994
979.0      847.07174
980.0      1022.17881
981.0      1072.76706
982.0      1102.73072
983.0      1020.27777
984.0      1029.73029
985.0      1004.73349
986.0      978.16712
987.0      872.11823
988.0      895.04654
989.0      972.88163
990.0      1026.94766
991.0      997.22179
992.0      1109.16454
993.0      1120.32836
994.0      1078.26844
995.0      986.57399
996.0      1086.31309
997.0      1056.65412
998.0      1024.10916
999.0      953.32747
1000.0      1064.38890
1001.0      1122.02543
1002.0      1211.56137
1003.0      1185.80677
1004.0      1240.90933
1005.0      1211.95232
1006.0      1137.16074
1007.0      1015.86556
1008.0      1044.97100
1009.0      1052.44785
1010.0      1011.03299
1011.0      1002.71253
1012.0      1170.07414
1013.0      1220.91029
1014.0      1218.50019
1015.0      1138.98483
1016.0      1178.14371
1017.0      1092.77048
1018.0      1061.55092
1019.0      959.95219
1020.0      1039.78516
1021.0      1082.78234
1022.0      1164.71005
1023.0      1138.26454
1024.0      1230.16003
1025.0      1238.62897
1026.0      1175.79016
1027.0      1065.48636
1028.0      1103.99794
1029.0      1100.15571
1030.0      1061.09979
1031.0      1047.62127
1032.0      1210.29050
1033.0      1280.60289
1034.0      1315.92892
1035.0      1226.21243
1036.0      1250.15676
1037.0      1230.26106
1038.0      1236.25942
1039.0      1100.66912
1040.0      1145.52781
1041.0      1178.39929
1042.0      1232.45675
1043.0      1182.53659
1044.0      1317.50327
1045.0      1354.04114
1046.0      1303.45548
1047.0      1201.25964
1048.0      1272.12269
1049.0      1291.99197
1050.0      1223.02776
1051.0      1132.57008
1052.0      1193.52944
1053.0      1278.81451
1054.0      1370.19708
1055.0      1322.17311
1056.0      1365.42086
1057.0      1357.42218
1058.0      1369.46908
1059.0      1246.74390
1060.0      1302.97710
1061.0      1287.40439
1062.0      1291.17895
1063.0      1267.99710
1064.0      1413.65198
1065.0      1446.47308
1066.0      1417.70798
1067.0      1342.43335
1068.0      1354.52565
1069.0      1324.78096
1070.0      1284.82635
1071.0      1228.90838
1072.0      1266.47517
1073.0      1312.33794
1074.0      1365.08945
1075.0      1343.39779
1076.0      1426.81356
1077.0      1418.20479
1078.0      1376.67352
1079.0      1251.01168
1080.0      1312.48778
1081.0      1278.72977
1082.0      1274.45629
1083.0      1249.41709
1084.0      1389.53708
1085.0      1420.91670
1086.0      1433.05432
1087.0      1375.12434
1088.0      1402.37958
1089.0      1398.52933
1090.0      1373.84298
1091.0      1295.17526
1092.0      1334.67767
1093.0      1377.68660
1094.0      1418.43692
1095.0      1402.32692
1096.0      1523.36561
1097.0      1529.82345
1098.0      1509.15215
1099.0      1428.44017
1100.0      1490.76684
1101.0      1433.95189
1102.0      1397.83851
1103.0      1361.02362
1104.0      1472.16236
1105.0      1522.51087
1106.0      1578.79583
1107.0      1523.51623
1108.0      1527.76017
1109.0      1508.61353
1110.0      1480.64404
1111.0      1386.29209
1112.0      1404.31145
1113.0      1433.27075
1114.0      1445.82924
1115.0      1440.85747
1116.0      1574.05090
1117.0      1618.66395
1118.0      1605.49395
1119.0      1501.70120
1120.0      1525.98034
1121.0      1481.21686
1122.0      1459.60787
1123.0      1388.49119
1124.0      1462.94899
1125.0      1519.17382
1126.0      1559.04270
1127.0      1497.83517
1128.0      1548.65791
1129.0      1569.34538
1130.0      1530.16386
1131.0      1437.68592
1132.0      1474.63364
1133.0      1475.01210
1134.0      1450.48866
1135.0      1429.90304
1136.0      1541.50502
1137.0      1572.31293
1138.0      1582.63680
1139.0      1532.41828
1140.0      1587.20627
1141.0      1565.01306
1142.0      1544.13300
1143.0      1456.40228
1144.0      1525.49517
1145.0      1582.21893
1146.0      1637.74399
1147.0      1594.78781
1148.0      1670.14501
1149.0      1665.01499
1150.0      1623.83866
1151.0      1559.19646
1152.0      1602.55858
1153.0      1578.03046
1154.0      1545.03611
1155.0      1523.29884
1156.0      1609.52272
1157.0      1654.74398
1158.0      1696.54809
1159.0      1629.68971
1160.0      1646.42558
1161.0      1619.33295
1162.0      1597.57301
1163.0      1511.32495
1164.0      1568.83863
1165.0      1607.98321
1166.0      1647.73611
1167.0      1641.08847
1168.0      1731.55100
1169.0      1718.72547
1170.0      1684.96683
1171.0      1606.73952
1172.0      1638.12855
1173.0      1630.35063
1174.0      1630.82749
1175.0      1577.10380
1176.0      1623.41474
1177.0      1673.14064
1178.0      1706.54223
1179.0      1663.25766
1180.0      1718.99224
1181.0      1747.50283
1182.0      1721.29937
1183.0      1610.32211
1184.0      1626.64418
1185.0      1611.88941
1186.0      1618.27494
1187.0      1594.09771
1188.0      1698.00975
1189.0      1732.70813
1190.0      1748.89804
1191.0      1673.34850
1192.0      1682.69513
1193.0      1669.82188
1194.0      1672.62576
1195.0      1607.35557
1196.0      1640.63415
1197.0      1663.31516
1198.0      1690.72949
1199.0      1677.76858
1200.0      1777.17028
1201.0      1802.09829
1202.0      1748.32888
1203.0      1640.97542
1204.0      1666.16937
1205.0      1631.18752
1206.0      1617.20679
1207.0      1579.08990
1208.0      1676.17639
1209.0      1688.58726
1210.0      1713.42576
1211.0      1651.67164
1212.0      1681.04384
1213.0      1659.16242
1214.0      1624.93097
1215.0      1560.30432
1216.0      1595.95006
1217.0      1614.95822
1218.0      1623.93142
1219.0      1624.55979
1220.0      1701.60154
1221.0      1708.45605
1222.0      1697.82913
1223.0      1646.54767
1224.0      1672.50145
1225.0      1636.43581
1226.0      1643.80666
1227.0      1605.27029
1228.0      1685.52850
1229.0      1730.05560
1230.0      1792.92730
1231.0      1749.64236
1232.0      1779.25416
1233.0      1764.80869
1234.0      1725.33811
1235.0      1653.00756
1236.0      1675.54261
1237.0      1669.16539
1238.0      1653.70695
1239.0      1654.18924
1240.0      1735.67103
1241.0      1759.81092
1242.0      1761.02477
1243.0      1706.54050
1244.0      1726.39706
1245.0      1692.97589
1246.0      1667.26612
1247.0      1579.40843
1248.0      1646.93051
1249.0      1689.89558
1250.0      1749.69268
1251.0      1719.64236
1252.0      1786.61118
1253.0      1776.12378
1254.0      1739.09193
1255.0      1672.02104
1256.0      1694.04372
1257.0      1692.56983
1258.0      1679.92023
1259.0      1659.88109
1260.0      1741.89806
1261.0      1811.12363
1262.0      1859.28422
1263.0      1791.96776
1264.0      1795.24130
1265.0      1768.46888
1266.0      1754.34358
1267.0      1668.52305
1268.0      1702.98509
1269.0      1711.72794
1270.0      1730.89613
1271.0      1709.50230
1272.0      1800.77799
1273.0      1812.83078
1274.0      1783.04075
1275.0      1724.46373
1276.0      1752.00153
1277.0      1741.85589
1278.0      1701.32973
1279.0      1657.26321
1280.0      1702.04046
1281.0      1751.01572
1282.0      1774.07373
1283.0      1738.70052
1284.0      1790.72814
1285.0      1772.67440
1286.0      1740.68196
1287.0      1655.90753
1288.0      1709.69727
1289.0      1690.96563
1290.0      1703.49080
1291.0      1705.18676
1292.0      1809.30813
1293.0      1830.80605
1294.0      1817.54921
1295.0      1747.71217
1296.0      1726.32619
1297.0      1705.44443
1298.0      1693.98762
1299.0      1656.47929
1300.0      1698.82790
1301.0      1743.17021
1302.0      1777.51989
1303.0      1741.45103
1304.0      1790.89416
1305.0      1766.74908
1306.0      1729.76752
1307.0      1652.47359
1308.0      1700.57962
1309.0      1701.14342
1310.0      1720.52126
1311.0      1697.00623
1312.0      1767.03797
1313.0      1792.14425
1314.0      1812.52210
1315.0      1752.22201
1316.0      1780.99403
1317.0      1805.59892
1318.0      1792.36419
1319.0      1723.38192
1320.0      1747.83195
1321.0      1773.41595
1322.0      1784.87416
1323.0      1771.82452
1324.0      1841.93297
1325.0      1817.46216
1326.0      1765.85204
1327.0      1663.24627
1328.0      1703.19746
1329.0      1700.71310
1330.0      1702.60218
1331.0      1637.57839
1332.0      1693.48074
1333.0      1755.56243
1334.0      1802.41036
1335.0      1767.28563
1336.0      1790.43697
1337.0      1786.14513
1338.0      1753.49375
1339.0      1695.54197
1340.0      1718.85609
1341.0      1703.33180
1342.0      1696.66478
1343.0      1695.99914
1344.0      1781.25641
1345.0      1803.98076
1346.0      1807.70973
1347.0      1735.58382
1348.0      1747.35676
1349.0      1738.70357
1350.0      1721.60646
1351.0      1641.33604
1352.0      1684.30007
1353.0      1717.59742
1354.0      1748.55868
1355.0      1722.67779
1356.0      1781.34828
1357.0      1757.70521
1358.0      1713.64599
1359.0      1675.16235
1360.0      1703.74150
1361.0      1670.99009
1362.0      1626.77101
1363.0      1607.10168
1364.0      1694.39490
1365.0      1733.59202
1366.0      1753.15458
1367.0      1688.53756
1368.0      1706.86288
1369.0      1695.24360
1370.0      1674.51315
1371.0      1615.55260
1372.0      1661.04565
1373.0      1676.61272
1374.0      1708.30329
1375.0      1694.89399
1376.0      1762.25480
1377.0      1749.33386
1378.0      1742.84899
1379.0      1691.29002
1380.0      1681.46147
1381.0      1635.60941
1382.0      1600.13160
1383.0      1573.33089
1384.0      1651.69071
1385.0      1718.38940
1386.0      1744.33575
1387.0      1682.40158
1388.0      1709.06759
1389.0      1698.78636
1390.0      1667.92891
1391.0      1584.65540
1392.0      1617.00453
1393.0      1615.15135
1394.0      1642.09674
1395.0      1637.70595
1396.0      1716.73915
1397.0      1718.38399
1398.0      1709.49180
1399.0      1649.44350
1400.0      1656.88432
1401.0      1633.53077
1402.0      1615.97063
1403.0      1578.37920
1404.0      1625.75807
1405.0      1661.09777
1406.0      1671.22153
1407.0      1647.37575
1408.0      1695.19270
1409.0      1693.22213
1410.0      1673.37026
1411.0      1614.82467
1412.0      1637.74988
1413.0      1603.05237
1414.0      1609.92572
1415.0      1602.00617
1416.0      1690.41966
1417.0      1715.94031
1418.0      1735.93586
1419.0      1680.81035
1420.0      1698.75978
1421.0      1669.53252
1422.0      1627.75797
1423.0      1560.73871
1424.0      1599.81543
1425.0      1663.69301
1426.0      1690.43770
1427.0      1675.78166
1428.0      1715.34704
1429.0      1713.70262
1430.0      1687.60884
1431.0      1619.82604
1432.0      1640.36988
1433.0      1607.33317
1434.0      1604.68485
1435.0      1578.68638
1436.0      1638.50318
1437.0      1651.86120
1438.0      1667.40781
1439.0      1627.85795
1440.0      1662.11767
1441.0      1633.14103
1442.0      1598.62459
1443.0      1547.19043
1444.0      1590.31399
1445.0      1600.53984
1446.0      1600.53425
1447.0      1600.30234
1448.0      1645.31331
1449.0      1651.78105
1450.0      1660.33153
1451.0      1617.97118
1452.0      1620.93205
1453.0      1591.27622
1454.0      1601.21034
1455.0      1538.50671
1456.0      1581.34761
1457.0      1596.82588
1458.0      1630.07153
1459.0      1603.98437
1460.0      1666.86867
1461.0      1650.22454
1462.0      1581.39014
1463.0      1501.83941
1464.0      1524.17014
1465.0      1534.40075
1466.0      1535.43520
1467.0      1526.90069
1468.0      1582.84934
1469.0      1612.35640
1470.0      1619.45512
1471.0      1577.23578
1472.0      1584.11788
1473.0      1555.66029
1474.0      1516.52296
1475.0      1452.68849
1476.0      1519.96617
1477.0      1529.85383
1478.0      1536.27079
1479.0      1499.55437
1480.0      1588.92721
1481.0      1607.97731
1482.0      1595.49116
1483.0      1543.30172
1484.0      1551.10828
1485.0      1536.78774
1486.0      1528.95927
1487.0      1499.14234
1488.0      1536.84175
1489.0      1561.69069
1490.0      1585.15254
1491.0      1559.32950
1492.0      1596.43466
1493.0      1560.54276
1494.0      1508.67373
1495.0      1439.17865
1496.0      1501.48685
1497.0      1489.06349
1498.0      1491.32007
1499.0      1470.10664
1500.0      1573.66530
1501.0      1609.05966
1502.0      1607.85222
1503.0      1521.91961
1504.0      1490.70528
1505.0      1467.53847
1506.0      1456.01609
1507.0      1438.15224
1508.0      1487.47499
1509.0      1525.22273
1510.0      1541.96065
1511.0      1524.49650
1512.0      1574.97747
1513.0      1536.69410
1514.0      1486.91058
1515.0      1416.43045
1516.0      1468.25582
1517.0      1469.84354
1518.0      1486.43850
1519.0      1450.65178
1520.0      1497.14375
1521.0      1517.62631
1522.0      1548.00178
1523.0      1504.07856
1524.0      1495.31986
1525.0      1467.55163
1526.0      1434.74448
1527.0      1402.77487
1528.0      1438.54806
1529.0      1458.76145
1530.0      1465.53709
1531.0      1449.31003
1532.0      1522.68117
1533.0      1521.96844
1534.0      1494.04554
1535.0      1402.30241
1536.0      1425.63502
1537.0      1433.94162
1538.0      1439.20173
1539.0      1375.97440
1540.0      1401.52636
1541.0      1427.71001
1542.0      1473.46328
1543.0      1446.81377
1544.0      1478.94376
1545.0      1450.76562
1546.0      1402.14627
1547.0      1350.96295
1548.0      1384.99838
1549.0      1379.04965
1550.0      1358.46111
1551.0      1361.01814
1552.0      1458.22448
1553.0      1483.25948
1554.0      1479.03221
1555.0      1403.76448
1556.0      1406.51104
1557.0      1380.27825
1558.0      1389.08255
1559.0      1345.66361
1560.0      1391.53780
1561.0      1410.47771
1562.0      1429.05582
1563.0      1416.17780
1564.0      1482.20509
1565.0      1481.97197
1566.0      1435.36008
1567.0      1360.89985
1568.0      1360.20618
1569.0      1326.25462
1570.0      1319.45478
1571.0      1300.51179
1572.0      1363.54508
1573.0      1399.98634
1574.0      1436.59901
1575.0      1389.73829
1576.0      1387.22546
1577.0      1359.00180
1578.0      1360.48753
1579.0      1297.48738
1580.0      1319.95788
1581.0      1300.42309
1582.0      1321.20574
1583.0      1332.05196
1584.0      1418.50407
1585.0      1405.91034
1586.0      1359.63709
1587.0      1306.42788
1588.0      1334.56120
1589.0      1330.12031
1590.0      1320.55792
1591.0      1275.94932
1592.0      1314.44088
1593.0      1374.44421
1594.0      1424.27357
1595.0      1387.14230
1596.0      1387.16528
1597.0      1354.86496
1598.0      1332.37301
1599.0      1263.93297
1600.0      1298.75481
1601.0      1285.84083
1602.0      1293.20406
1603.0      1281.28679
1604.0      1357.80475
1605.0      1363.33937
1606.0      1343.66902
1607.0      1274.70146
1608.0      1291.82983
1609.0      1284.84205
1610.0      1278.59069
1611.0      1219.40434
1612.0      1249.15337
1613.0      1298.06360
1614.0      1323.86366
1615.0      1300.86191
1616.0      1339.80692
1617.0      1328.78028
1618.0      1278.40121
1619.0      1232.57946
1620.0      1293.88984
1621.0      1273.51889
1622.0      1241.82365
1623.0      1208.61273
1624.0      1280.66560
1625.0      1306.76720
1626.0      1337.50463
1627.0      1294.30873
1628.0      1295.82671
1629.0      1279.20571
1630.0      1254.21480
1631.0      1204.88839
1632.0      1231.32636
1633.0      1266.59687
1634.0      1296.47660
1635.0      1316.48348
1636.0      1389.47606
1637.0      1383.67534
1638.0      1348.42432
1639.0      1288.02314
1640.0      1293.79953
1641.0      1257.95851
1642.0      1250.15066
1643.0      1208.09610
1644.0      1272.32298
1645.0      1286.23851
1646.0      1294.53773
1647.0      1203.20344
1648.0      1220.50236
1649.0      1219.55210
1650.0      1215.21408
1651.0      1185.13413
1652.0      1230.99540
1653.0      1261.69616
1654.0      1274.71362
1655.0      1267.95926
1656.0      1297.54352
1657.0      1288.07679
1658.0      1287.49709
1659.0      1247.48030
1660.0      1255.34451
1661.0      1221.61652
1662.0      1211.12347
1663.0      1144.89330
1664.0      1190.40979
1665.0      1199.35666
1666.0      1223.63239
1667.0      1179.53585
1668.0      1229.21951
1669.0      1209.06938
1670.0      1169.99034
1671.0      1100.87336
1672.0      1108.26711
1673.0      1097.60906
1674.0      1094.47751
1675.0      1091.83490
1676.0      1153.32018
1677.0      1192.74484
1678.0      1217.04848
1679.0      1164.50915
1680.0      1169.79783
1681.0      1127.48128
1682.0      1104.94645
1683.0      1018.59629
1684.0      1077.93709
1685.0      1091.43709
1686.0      1117.04547
1687.0      1085.53824
1688.0      1161.39367
1689.0      1156.70494
1690.0      1131.88826
1691.0      1067.71919
1692.0      1070.31536
1693.0      1048.02394
1694.0      1035.22006
1695.0      1023.91077
1696.0      1074.67594
1697.0      1100.33651
1698.0      1099.60494
1699.0      1046.40812
1700.0      1102.97826
1701.0      1079.67937
1702.0      1043.11618
1703.0      959.65255
1704.0      1035.40572
1705.0      1041.05205
1706.0      1048.40718
1707.0      1018.19482
1708.0      1089.69623
1709.0      1107.13562
1710.0      1147.40196
1711.0      1112.31745
1712.0      1112.28434
1713.0      1074.93489
1714.0      1073.98570
1715.0      1056.06281
1716.0      1093.32907
1717.0      1108.59840
1718.0      1125.05644
1719.0      1113.98793
1720.0      1183.23016
1721.0      1157.03041
1722.0      1120.29611
1723.0      1036.05836
1724.0      1068.77722
1725.0      1054.29728
1726.0      1075.06883
1727.0      1063.03303
1728.0      1125.56700
1729.0      1162.20066
1730.0      1200.25841
1731.0      1163.73780
1732.0      1150.64764
1733.0      1133.14747
1734.0      1132.40115
1735.0      1114.11149
1736.0      1162.40781
1737.0      1185.31165
1738.0      1188.75760
1739.0      1160.21377
1740.0      1205.16418
1741.0      1197.66719
1742.0      1175.57696
1743.0      1120.95148
1744.0      1146.62543
1745.0      1147.29631
1746.0      1183.49349
1747.0      1155.47244
1748.0      1180.96981
1749.0      1177.71319
1750.0      1206.23385
1751.0      1187.52019
1752.0      1213.31454
1753.0      1196.01606
1754.0      1153.82390
1755.0      1107.40702
1756.0      1150.11711
1757.0      1163.38261
1758.0      1153.99131
1759.0      1134.44115
1760.0      1196.83627
1761.0      1231.35400
1762.0      1247.51938
1763.0      1191.37668
1764.0      1182.45555
1765.0      1155.34910
1766.0      1172.80347
1767.0      1142.62665
1768.0      1198.48230
1769.0      1224.87262
1770.0      1256.28837
1771.0      1245.02502
1772.0      1289.76554
1773.0      1263.58100
1774.0      1206.27816
1775.0      1156.45163
1776.0      1201.42500
1777.0      1213.59634
1778.0      1210.84745
1779.0      1184.67678
1780.0      1217.08778
1781.0      1233.60347
1782.0      1256.13359
1783.0      1211.05763
1784.0      1206.37010
1785.0      1181.68180
1786.0      1190.88674
1787.0      1153.74375
1788.0      1180.85468
1789.0      1172.35042
1790.0      1185.23028
1791.0      1182.17064
1792.0      1242.35187
1793.0      1229.92086
1794.0      1196.61781
1795.0      1141.28122
1796.0      1147.61607
1797.0      1147.80934
1798.0      1147.32776
1799.0      1108.44035
1800.0      1117.87298
1801.0      1146.35573
1802.0      1187.17158
1803.0      1162.89212
1804.0      1188.73115
1805.0      1166.17665
1806.0      1141.05734
1807.0      1098.51537
1808.0      1130.38456
1809.0      1119.66842
1810.0      1116.09415
1811.0      1115.53576
1812.0      1192.38960
1813.0      1204.59364
1814.0      1191.81095
1815.0      1116.88970
1816.0      1116.06376
1817.0      1128.56503
1818.0      1125.38883
1819.0      1090.49995
1820.0      1115.40435
1821.0      1150.80589
1822.0      1172.75245
1823.0      1156.26001
1824.0      1184.57684
1825.0      1144.75007
1826.0      1115.65242
1827.0      1085.86588
1828.0      1129.38137
1829.0      1117.26661
1830.0      1103.30281
1831.0      1074.89758
1832.0      1135.77491
1833.0      1164.80351
1834.0      1168.55772
1835.0      1099.25245
1836.0      1100.57190
1837.0      1092.67330
1838.0      1077.83067
1839.0      1039.94850
1840.0      1063.20353
1841.0      1063.41579
1842.0      1062.96959
1843.0      1067.68576
1844.0      1120.94645
1845.0      1114.72268
1846.0      1096.82943
1847.0      1064.70590
1848.0      1099.98080
1849.0      1083.70485
1850.0      1068.70935
1851.0      1013.74290
1852.0      1059.32679
1853.0      1094.10250
1854.0      1122.04263
1855.0      1076.83182
1856.0      1082.88458
1857.0      1056.98513
1858.0      1043.29698
1859.0      1018.23459
1860.0      1036.83226
1861.0      1022.07359
1862.0      1021.30406
1863.0      1038.31466
1864.0      1084.54896
1865.0      1089.03966
1866.0      1072.37376
1867.0      1017.24205
1868.0      1020.40069
1869.0      1015.36930
1870.0      1025.95024
1871.0      978.97130
1872.0      1007.49440
1873.0      1019.41179
1874.0      1035.39012
1875.0      1003.09651
1876.0      1040.74236
1877.0      1044.70667
1878.0      1047.63647
1879.0      1022.73135
1880.0      1037.54813
1881.0      1034.65758
1882.0      1028.33614
1883.0      1020.50615
1884.0      1044.24410
1885.0      1055.31563
1886.0      1046.80443
1887.0      1006.67390
1888.0      1028.85491
1889.0      1022.75369
1890.0      1006.39751
1891.0      949.34743
1892.0      981.53680
1893.0      987.78596
1894.0      1011.24820
1895.0      1006.03645
1896.0      1060.11042
1897.0      1046.08077
1898.0      1025.45909
1899.0      983.23734
1900.0      993.10573
1901.0      974.70505
1902.0      958.66197
1903.0      944.90719
1904.0      992.48474
1905.0      1038.40675
1906.0      1056.92587
1907.0      1027.78888
1908.0      1046.16226
1909.0      1036.56566
1910.0      1012.39060
1911.0      956.31417
1912.0      988.87737
1913.0      1000.69120
1914.0      1021.23787
1915.0      990.26436
1916.0      1024.58593
1917.0      1019.01564
1918.0      1014.13795
1919.0      978.00857
1920.0      985.35759
1921.0      976.76972
1922.0      954.18375
1923.0      928.37657
1924.0      962.76168
1925.0      979.32277
1926.0      992.07094
1927.0      978.69980
1928.0      1017.99763
1929.0      996.51196
1930.0      976.54248
1931.0      934.15961
1932.0      953.99339
1933.0      931.90510
1934.0      956.11261
1935.0      949.33955
1936.0      989.36236
1937.0      975.60943
1938.0      989.79782
1939.0      962.78412
1940.0      973.35166
1941.0      964.97273
1942.0      942.88217
1943.0      906.18080
1944.0      930.50873
1945.0      955.09435
1946.0      957.13925
1947.0      944.89135
1948.0      986.75732
1949.0      995.84865
1950.0      990.71205
1951.0      932.79589
1952.0      940.03849
1953.0      927.63825
1954.0      950.20521
1955.0      916.07731
1956.0      940.18067
1957.0      942.26994
1958.0      955.84321
1959.0      925.65905
1960.0      944.31584
1961.0      935.79939
1962.0      910.95580
1963.0      890.67604
1964.0      933.03212
1965.0      947.92576
1966.0      928.37563
1967.0      905.68701
1968.0      935.42298
1969.0      945.72948
1970.0      960.18657
1971.0      918.07333
1972.0      922.84457
1973.0      903.27312
1974.0      891.72408
1975.0      859.01291
1976.0      899.32650
1977.0      908.80904
1978.0      904.87497
1979.0      893.10732
1980.0      944.79166
1981.0      937.78341
1982.0      909.31477
1983.0      868.13358
1984.0      882.93578
1985.0      894.24200
1986.0      890.64151
1987.0      870.17453
1988.0      892.18233
1989.0      917.37364
1990.0      946.81924
1991.0      904.75598
1992.0      918.53289
1993.0      895.03255
1994.0      887.38409
1995.0      851.35372
1996.0      892.36544
1997.0      881.67211
1998.0      869.64791
1999.0      862.79310
2000.0      919.99937
2001.0      922.51132
2002.0      909.27051
2003.0      865.39407
2004.0      868.25063
2005.0      869.80176
2006.0      870.46454
2007.0      843.92245
2008.0      863.14307
2009.0      884.47169
2010.0      900.23622
2011.0      873.16478
2012.0      893.93705
2013.0      870.75735
2014.0      857.08618
2015.0      820.10996
2016.0      851.81159
2017.0      837.33055
2018.0      837.02563
2019.0      809.99003
2020.0      849.34635
2021.0      871.60733
2022.0      887.04549
2023.0      852.35888
2024.0      853.24428
2025.0      845.91948
2026.0      830.19698
2027.0      792.72198
2028.0      812.61164
2029.0      820.98447
2030.0      828.07453
2031.0      820.15563
2032.0      857.07312
2033.0      840.19781
2034.0      817.72837
2035.0      788.39446
2036.0      826.87721
2037.0      828.42478
2038.0      829.35653
2039.0      794.12238
2040.0      829.86932
2041.0      856.76207
2042.0      874.11483
2043.0      836.90485
2044.0      840.53624
2045.0      824.48777
2046.0      814.29214
2047.0      786.34277
2048.0      807.90159
2049.0      799.21714
2050.0      795.71067
2051.0      800.77377
2052.0      860.23278
2053.0      863.70892
2054.0      845.85963
2055.0      803.58428
2056.0      828.92827
2057.0      817.76114
2058.0      817.80992
2059.0      772.97784
2060.0      797.29955
2061.0      805.56735
2062.0      823.89578
2063.0      799.40357
2064.0      823.37771
2065.0      811.02685
2066.0      801.00414
2067.0      775.57860
2068.0      796.96501
2069.0      779.85545
2070.0      769.77094
2071.0      761.12688
2072.0      804.06397
2073.0      813.72191
2074.0      810.58121
2075.0      762.04203
2076.0      760.04381
2077.0      754.19396
2078.0      759.71068
2079.0      730.81025
2080.0      759.55447
2081.0      760.41600
2082.0      783.38057
2083.0      773.99329
2084.0      815.58704
2085.0      788.28000
2086.0      768.87009
2087.0      742.24196
2088.0      759.36026
2089.0      745.69363
2090.0      728.17592
2091.0      706.36133
2092.0      742.80474
2093.0      769.13933
2094.0      782.33856
2095.0      739.47895
2096.0      756.14907
2097.0      760.43171
2098.0      752.81346
2099.0      697.06160
2100.0      712.74541
2101.0      713.55271
2102.0      745.15927
2103.0      741.46652
2104.0      789.17316
2105.0      774.42262
2106.0      777.03145
2107.0      750.07850
2108.0      767.02343
2109.0      757.06765
2110.0      741.15689
2111.0      710.07942
2112.0      740.35449
2113.0      767.89611
2114.0      769.09189
2115.0      737.96781
2116.0      762.65859
2117.0      758.38777
2118.0      748.17055
2119.0      711.20077
2120.0      730.05495
2121.0      703.68450
2122.0      706.15047
2123.0      691.72349
2124.0      731.49689
2125.0      727.60346
2126.0      737.38731
2127.0      711.48390
2128.0      733.48887
2129.0      732.58134
2130.0      722.69626
2131.0      691.46834
2132.0      721.99128
2133.0      743.35832
2134.0      734.38784
2135.0      715.49617
2136.0      740.56705
2137.0      732.35123
2138.0      735.98086
2139.0      714.95630
2140.0      727.25785
2141.0      692.28851
2142.0      696.21578
2143.0      670.72688
2144.0      693.83338
2145.0      691.05390
2146.0      706.33495
2147.0      688.54663
2148.0      724.49299
2149.0      721.58913
2150.0      692.45470
2151.0      655.72518
2152.0      681.74667
2153.0      704.15792
2154.0      699.47024
2155.0      694.07421
2156.0      720.49788
2157.0      724.46741
2158.0      736.98003
2159.0      698.03314
2160.0      702.60892
2161.0      690.61430
2162.0      704.32250
2163.0      667.03487
2164.0      686.54087
2165.0      684.29569
2166.0      686.53190
2167.0      660.79046
2168.0      705.35162
2169.0      699.96198
2170.0      675.82489
2171.0      637.94333
2172.0      657.29395
2173.0      664.86986
2174.0      655.23246
2175.0      639.45746
2176.0      663.26300
2177.0      687.94073
2178.0      706.90392
2179.0      677.97967
2180.0      693.57409
2181.0      684.05287
2182.0      679.58716
2183.0      640.06475
2184.0      681.06419
2185.0      674.32921
2186.0      660.60124
2187.0      632.86610
2188.0      683.33355
2189.0      697.65924
2190.0      687.47394
2191.0      683.19752
2192.0      717.88554
2193.0      703.34536
2194.0      663.47531
2195.0      615.44331
2196.0      636.42179
2197.0      640.67447
2198.0      644.90338
2199.0      610.86086
2200.0      645.15582
2201.0      645.67070
2202.0      635.50136
2203.0      603.00894
2204.0      643.49516
2205.0      640.09671
2206.0      652.06569
2207.0      636.39770
2208.0      660.78681
2209.0      642.36094
2210.0      650.23538
2211.0      626.77336
2212.0      627.25557
2213.0      618.90215
2214.0      623.87074
2215.0      614.05478
2216.0      628.03236
2217.0      626.45965
2218.0      616.55438
2219.0      601.77951
2220.0      658.35508
2221.0      667.11822
2222.0      656.69320
2223.0      607.14239
2224.0      624.98506
2225.0      619.97323
2226.0      632.35112
2227.0      599.78257
2228.0      610.99759
2229.0      610.62156
2230.0      638.06156
2231.0      605.96463
2232.0      618.16869
2233.0      622.49460
2234.0      622.59963
2235.0      593.22076
2236.0      615.56181
2237.0      620.03990
2238.0      601.48609
2239.0      577.93792
2240.0      623.26361
2241.0      627.16964
2242.0      618.65293
2243.0      569.06820
2244.0      583.72176
2245.0      577.55260
2246.0      596.67738
2247.0      565.50420
2248.0      588.90245
2249.0      596.80781
2250.0      608.00192
2251.0      585.85292
2252.0      615.58810
2253.0      617.38640
2254.0      588.38745
2255.0      559.22215
2256.0      596.21526
2257.0      590.43531
2258.0      561.65464
2259.0      524.32133
2260.0      561.09205
2261.0      579.70050
2262.0      596.93800
2263.0      557.42033
2264.0      562.12227
2265.0      557.67587
2266.0      573.42039
2267.0      533.10150
2268.0      549.30851
2269.0      541.44474
2270.0      546.75001
2271.0      550.68193
2272.0      607.53885
2273.0      599.42823
2274.0      569.28283
2275.0      549.21000
2276.0      578.06995
2277.0      569.14465
2278.0      559.20476
2279.0      538.90252
2280.0      559.09220
2281.0      581.66503
2282.0      597.03131
2283.0      564.31757
2284.0      570.49311
2285.0      563.63652
2286.0      568.35717
2287.0      536.34417
2288.0      566.03025
2289.0      547.62723
2290.0      537.98715
2291.0      525.54241
2292.0      576.94435
2293.0      576.21360
2294.0      563.29036
2295.0      526.08215
2296.0      544.11155
2297.0      552.72518
2298.0      554.33592
2299.0      509.93950
2300.0      517.17410
2301.0      540.57623
2302.0      556.76149
2303.0      530.47121
2304.0      563.35593
2305.0      564.12836
2306.0      549.66435
2307.0      509.23340
2308.0      538.78005
2309.0      517.94714
2310.0      503.58288
2311.0      482.37853
2312.0      533.94859
2313.0      538.31175
2314.0      545.77219
2315.0      515.42597
2316.0      533.25119
2317.0      540.11356
2318.0      530.35742
2319.0      493.66496
2320.0      502.22379
2321.0      515.50172
2322.0      514.99400
2323.0      504.17626
2324.0      541.54116
2325.0      533.99861
2326.0      524.46208
2327.0      505.02383
2328.0      535.27448
2329.0      522.58263
2330.0      518.46340
2331.0      489.64113
2332.0      529.11864
2333.0      543.40912
2334.0      562.20341
2335.0      523.07276
2336.0      545.07252
2337.0      544.72637
2338.0      528.16641
2339.0      492.88405
2340.0      512.29345
2341.0      520.44729
2342.0      519.38315
2343.0      513.38659
2344.0      539.35564
2345.0      535.01625
2346.0      537.80908
2347.0      520.08052
2348.0      534.31603
2349.0      512.10749
2350.0      497.79098
2351.0      454.46601
2352.0      485.46277
2353.0      492.25864
2354.0      500.89385
2355.0      478.59127
2356.0      525.49547
2357.0      536.86919
2358.0      537.16254
2359.0      516.10373
2360.0      527.20976
2361.0      507.14827
2362.0      499.97068
2363.0      491.35993
2364.0      509.53034
2365.0      516.94455
2366.0      533.72710
2367.0      513.34267
2368.0      528.87460
2369.0      517.67381
2370.0      502.77118
2371.0      441.45296
2372.0      471.60127
2373.0      485.62024
2374.0      495.44396
2375.0      460.84834
2376.0      498.29143
2377.0      505.18937
2378.0      517.44151
2379.0      492.58630
2380.0      505.03928
2381.0      498.15504
2382.0      494.36260
2383.0      480.92217
2384.0      498.34342
2385.0      512.99597
2386.0      508.63049
2387.0      484.56213
2388.0      529.60431
2389.0      534.51339
2390.0      510.37001
2391.0      451.16525
2392.0      483.69643
2393.0      483.63183
2394.0      480.70891
2395.0      449.23130
2396.0      476.12752
2397.0      473.11004
2398.0      485.54900
2399.0      461.97112
2400.0      472.03692
2401.0      453.32283
2402.0      439.05422
2403.0      426.25620
2404.0      459.15545
2405.0      472.26493
2406.0      458.99831
2407.0      449.61703
2408.0      503.11738
2409.0      511.10693
2410.0      495.63514
2411.0      449.09670
2412.0      478.92006
2413.0      469.88726
2414.0      482.33433
2415.0      445.33764
2416.0      460.16011
2417.0      451.75469
2418.0      466.99612
2419.0      450.87660
2420.0      468.20371
2421.0      465.42576
2422.0      441.41637
2423.0      419.72644
2424.0      460.59430
2425.0      475.71997
2426.0      452.06157
2427.0      432.34960
2428.0      479.67582
2429.0      501.30812
2430.0      505.76385
2431.0      469.79082
2432.0      473.20207
2433.0      454.19743
2434.0      472.98046
2435.0      429.43980
2436.0      448.94277
2437.0      440.95084
2438.0      455.00734
2439.0      434.15608
2440.0      469.81441
2441.0      471.79079
2442.0      441.63003
2443.0      419.52590
2444.0      452.60405
2445.0      452.52057
2446.0      424.68567
2447.0      396.16850
2448.0      432.16232
2449.0      455.91084
2450.0      472.59480
2451.0      436.33175
2452.0      438.00749
2453.0      424.59217
2454.0      438.00472
2455.0      400.78168
2456.0      426.68921
2457.0      429.43593
2458.0      437.59597
2459.0      429.46343
2460.0      481.30485
2461.0      483.25451
2462.0      446.27408
2463.0      416.64371
2464.0      451.20914
2465.0      455.86573
2466.0      436.34498
2467.0      410.99151
2468.0      437.38467
2469.0      456.16949
2470.0      463.00641
2471.0      424.28550
2472.0      439.80398
2473.0      424.40138
2474.0      424.63999
2475.0      384.56852
2476.0      426.19435
2477.0      413.85748
2478.0      408.52539
2479.0      388.73825
2480.0      442.18048
2481.0      450.46578
2482.0      446.37603
2483.0      424.13658
2484.0      432.46592
2485.0      433.25493
2486.0      423.84682
2487.0      383.89075
2488.0      385.85071
2489.0      405.85462
2490.0      441.34783
2491.0      424.29647
2492.0      456.91795
2493.0      444.86992
2494.0      430.37436
2495.0      412.46329
2496.0      454.67371
2497.0      439.80596
2498.0      416.98395
2499.0      401.84208
2500.0      457.80327
