800.0      268977899.84467
801.0      69830013.48400
802.0      -22612318.04656
803.0      4098.72233
804.0      340.57198
805.0      313.55774
806.0      228.40094
807.0      -14.56345
808.0      318.34806
809.0      745.24864
810.0      1085.23815
811.0      1102.96239
812.0      1221.43501
813.0      865.72392
814.0      556.99096
815.0      453.34413
816.0      523.40792
817.0      250.49842
818.0      413.73069
819.0      771.37606
820.0      1087.31955
821.0      1177.53323
822.0      1237.61851
823.0      943.73686
824.0      932.35956
825.0      884.96564
826.0      645.70794
827.0      327.31816
828.0      562.34257
829.0      639.66643
830.0      904.03975
831.0      1237.15325
832.0      1502.08893
833.0      1074.03244
834.0      925.80354
835.0      820.53570
836.0      692.35178
837.0      478.61183
838.0      520.88633
839.0      549.27836
840.0      785.32142
841.0      1141.08707
842.0      1379.16980
843.0      1147.71902
844.0      1158.55508
845.0      909.51769
846.0      762.45847
847.0      572.89008
848.0      640.50816
849.0      491.39961
850.0      752.43463
851.0      1102.49717
852.0      1277.75399
853.0      1193.36348
854.0      1230.04589
855.0      950.00850
856.0      780.77734
857.0      752.18027
858.0      821.50481
859.0      660.68547
860.0      760.26199
861.0      959.64379
862.0      1104.42552
863.0      1140.04477
864.0      1295.49671
865.0      1105.02072
866.0      983.87204
867.0      800.51874
868.0      857.74433
869.0      745.90896
870.0      873.40709
871.0      887.40782
872.0      1072.55562
873.0      1233.60138
874.0      1215.40480
875.0      902.33840
876.0      886.35499
877.0      915.53289
878.0      814.43683
879.0      649.83215
880.0      840.61707
881.0      862.43820
882.0      952.72259
883.0      1045.22441
884.0      1278.48163
885.0      1104.85355
886.0      994.67490
887.0      802.05763
888.0      841.95955
889.0      824.62577
890.0      833.49333
891.0      719.43272
892.0      911.48979
893.0      1102.26149
894.0      1185.03584
895.0      1101.58819
896.0      1139.76678
897.0      984.90564
898.0      895.74903
899.0      899.72845
900.0      971.90945
901.0      869.30034
902.0      948.99568
903.0      1099.49183
904.0      1257.83358
905.0      1231.38506
906.0      1157.87643
907.0      870.12393
908.0      852.88378
909.0      869.14016
910.0      916.08665
911.0      808.08076
912.0      939.69559
913.0      1010.59071
914.0      1064.61131
915.0      1100.40714
916.0      1122.11849
917.0      1000.22791
918.0      932.58569
919.0      883.45381
920.0      923.93248
921.0      892.31982
922.0      912.71177
923.0      850.57269
924.0      1019.04912
925.0      1194.99442
926.0      1259.52780
927.0      1066.79607
928.0      1059.81789
929.0      1016.04891
930.0      1001.57961
931.0      879.51861
932.0      979.10778
933.0      973.99365
934.0      1063.56353
935.0      1127.55498
936.0      1218.39426
937.0      1158.98263
938.0      1058.86353
939.0      918.58837
940.0      1001.64231
941.0      1114.99272
942.0      1128.91287
943.0      986.73441
944.0      1086.34238
945.0      1181.58617
946.0      1210.33182
947.0      1114.53262
948.0      1186.35997
949.0      1099.06294
950.0      1069.81898
951.0      970.65412
952.0      1050.39573
953.0      1010.16233
954.0      1036.36740
955.0      1035.56457
956.0      1175.79857
957.0      1237.92869
958.0      1144.20367
959.0      951.20358
960.0      1005.11520
961.0      1109.67853
962.0      1098.94038
963.0      1005.70496
964.0      1115.30859
965.0      1187.28329
966.0      1242.90560
967.0      1224.51521
968.0      1325.74475
969.0      1239.29449
970.0      1220.64026
971.0      1139.31610
972.0      1228.77213
973.0      1183.25514
974.0      1165.06809
975.0      1101.15151
976.0      1277.44998
977.0      1371.79407
978.0      1364.27570
979.0      1238.60100
980.0      1292.76323
981.0      1296.48897
982.0      1274.32086
983.0      1216.62090
984.0      1292.11633
985.0      1306.42058
986.0      1360.66750
987.0      1320.57035
988.0      1392.96471
989.0      1377.21134
990.0      1409.78905
991.0      1322.82130
992.0      1421.73847
993.0      1416.87314
994.0      1383.10828
995.0      1270.28534
996.0      1453.10859
997.0      1552.17510
998.0      1554.27974
999.0      1465.25850
1000.0      1562.09019
1001.0      1589.55257
1002.0      1609.77380
1003.0      1490.25149
1004.0      1437.52684
1005.0      1362.57664
1006.0      1407.50706
1007.0      1367.02748
1008.0      1492.55027
1009.0      1497.80759
1010.0      1455.39100
1011.0      1359.13940
1012.0      1489.59996
1013.0      1429.70713
1014.0      1306.42932
1015.0      1200.86157
1016.0      1386.93746
1017.0      1458.77664
1018.0      1486.02386
1019.0      1423.98185
1020.0      1500.36522
1021.0      1484.63187
1022.0      1463.24302
1023.0      1351.13786
1024.0      1385.59981
1025.0      1401.52964
1026.0      1405.43954
1027.0      1341.38823
1028.0      1463.40338
1029.0      1511.40295
1030.0      1492.19507
1031.0      1410.62081
1032.0      1551.63001
1033.0      1531.15865
1034.0      1493.38199
1035.0      1386.79813
1036.0      1475.15425
1037.0      1484.10572
1038.0      1505.22622
1039.0      1445.24472
1040.0      1489.73590
1041.0      1528.51635
1042.0      1592.66697
1043.0      1544.18484
1044.0      1595.11889
1045.0      1556.51853
1046.0      1509.13434
1047.0      1439.24582
1048.0      1526.64982
1049.0      1525.93544
1050.0      1511.17766
1051.0      1485.55873
1052.0      1572.64329
1053.0      1536.42502
1054.0      1542.43054
1055.0      1474.59363
1056.0      1541.30400
1057.0      1547.39509
1058.0      1589.02873
1059.0      1529.92872
1060.0      1620.69684
1061.0      1669.49976
1062.0      1693.28368
1063.0      1641.28066
1064.0      1708.30420
1065.0      1690.87198
1066.0      1642.41644
1067.0      1582.98401
1068.0      1640.35033
1069.0      1644.79190
1070.0      1657.40873
1071.0      1616.70561
1072.0      1679.64864
1073.0      1706.45661
1074.0      1717.31012
1075.0      1615.41526
1076.0      1653.12036
1077.0      1677.42699
1078.0      1697.80869
1079.0      1610.59173
1080.0      1677.29046
1081.0      1700.54543
1082.0      1741.92444
1083.0      1764.88418
1084.0      1858.30703
1085.0      1794.01376
1086.0      1724.21723
1087.0      1688.66323
1088.0      1776.59592
1089.0      1763.07395
1090.0      1820.70477
1091.0      1812.08811
1092.0      1863.75157
1093.0      1841.39839
1094.0      1833.38743
1095.0      1735.95768
1096.0      1762.22334
1097.0      1764.58043
1098.0      1808.18479
1099.0      1760.03342
1100.0      1860.10020
1101.0      1876.13431
1102.0      1880.58599
1103.0      1814.53807
1104.0      1857.52569
1105.0      1856.90383
1106.0      1827.98514
1107.0      1768.80428
1108.0      1865.61994
1109.0      1963.00316
1110.0      1972.94610
1111.0      1845.15302
1112.0      1873.88636
1113.0      1978.86354
1114.0      2021.84937
1115.0      1944.48437
1116.0      1981.46367
1117.0      1987.86328
1118.0      2043.64348
1119.0      1947.40895
1120.0      1887.70135
1121.0      1740.80760
1122.0      1777.09133
1123.0      1783.17136
1124.0      1902.73693
1125.0      1939.74994
1126.0      1955.14156
1127.0      1878.40255
1128.0      1949.94101
1129.0      1996.36925
1130.0      2068.53338
1131.0      1998.29852
1132.0      1931.11871
1133.0      1867.40958
1134.0      1893.57386
1135.0      1850.35860
1136.0      1838.29152
1137.0      1819.49097
1138.0      1838.75993
1139.0      1804.32255
1140.0      1864.27594
1141.0      1854.97172
1142.0      1854.25900
1143.0      1806.60857
1144.0      1926.28733
1145.0      1978.20842
1146.0      1971.40380
1147.0      1867.75403
1148.0      1915.51586
1149.0      1929.48228
1150.0      1922.12504
1151.0      1860.22412
1152.0      1878.11000
1153.0      1885.42364
1154.0      1917.73154
1155.0      1906.48786
1156.0      1959.28388
1157.0      1965.74871
1158.0      1952.88611
1159.0      1882.29870
1160.0      1941.54811
1161.0      1929.19926
1162.0      1880.96587
1163.0      1792.62948
1164.0      1899.16085
1165.0      1942.68399
1166.0      1958.53315
1167.0      1911.34066
1168.0      1966.85350
1169.0      1958.18347
1170.0      1945.25126
1171.0      1898.32392
1172.0      1921.94997
1173.0      1897.38092
1174.0      1895.40430
1175.0      1891.30611
1176.0      1985.81302
1177.0      2021.87666
1178.0      2011.77510
1179.0      1940.26557
1180.0      1998.29004
1181.0      1985.03779
1182.0      1959.04196
1183.0      1862.60241
1184.0      1915.17996
1185.0      1929.47435
1186.0      1984.76952
1187.0      1970.66496
1188.0      2018.89987
1189.0      2008.90724
1190.0      2007.80436
1191.0      1937.93755
1192.0      1945.44899
1193.0      1932.68288
1194.0      1913.52840
1195.0      1888.04924
1196.0      1963.45934
1197.0      1997.61309
1198.0      1967.04433
1199.0      1908.51026
1200.0      1976.33492
1201.0      1973.10193
1202.0      1944.20574
1203.0      1846.25741
1204.0      1877.93572
1205.0      1899.25553
1206.0      1947.39200
1207.0      1924.44692
1208.0      1983.64709
1209.0      2005.10733
1210.0      2003.30994
1211.0      1927.45757
1212.0      1952.55596
1213.0      1921.97676
1214.0      1871.42116
1215.0      1848.52995
1216.0      1940.60706
1217.0      1974.16731
1218.0      1956.42167
1219.0      1923.18003
1220.0      1975.87003
1221.0      1956.17535
1222.0      1934.49279
1223.0      1848.00461
1224.0      1885.11474
1225.0      1882.79734
1226.0      1915.37210
1227.0      1884.64745
1228.0      1979.91681
1229.0      2027.97446
1230.0      2036.42435
1231.0      1958.65339
1232.0      1983.31695
1233.0      1975.57961
1234.0      1939.42333
1235.0      1890.78572
1236.0      1939.56922
1237.0      1962.59500
1238.0      1973.00608
1239.0      1967.96164
1240.0      2026.37517
1241.0      2040.28095
1242.0      2017.51471
1243.0      1927.12404
1244.0      1958.80869
1245.0      1949.13883
1246.0      1956.42253
1247.0      1882.38821
1248.0      1971.08489
1249.0      2003.41384
1250.0      2045.87809
1251.0      2022.43085
1252.0      2061.53370
1253.0      2032.86420
1254.0      1996.41649
1255.0      1949.95203
1256.0      1973.26255
1257.0      1971.42297
1258.0      1979.11840
1259.0      1966.23383
1260.0      2031.31135
1261.0      2091.57168
1262.0      2111.72870
1263.0      2045.81150
1264.0      2040.86926
1265.0      1989.17498
1266.0      1976.35274
1267.0      1915.08321
1268.0      1964.07730
1269.0      1960.26148
1270.0      2012.26580
1271.0      2006.97209
1272.0      2044.75934
1273.0      2028.45254
1274.0      1995.65271
1275.0      1930.72456
1276.0      1957.44666
1277.0      1982.87837
1278.0      1969.19691
1279.0      1932.94367
1280.0      2002.83773
1281.0      2054.09030
1282.0      2057.94711
1283.0      1997.78630
1284.0      2015.65778
1285.0      1970.24916
1286.0      1959.81273
1287.0      1897.77558
1288.0      1961.63666
1289.0      1958.40707
1290.0      1992.37724
1291.0      1964.12346
1292.0      2066.96993
1293.0      2102.56821
1294.0      2085.43643
1295.0      1993.33117
1296.0      2012.29449
1297.0      1993.39578
1298.0      1948.90411
1299.0      1904.82669
1300.0      1976.57588
1301.0      2022.94526
1302.0      2050.35075
1303.0      2025.14121
1304.0      2050.31141
1305.0      2015.49901
1306.0      2004.20728
1307.0      1928.48380
1308.0      1966.30405
1309.0      1965.36632
1310.0      1995.06390
1311.0      1971.50127
1312.0      2064.58225
1313.0      2088.00869
1314.0      2067.26262
1315.0      1998.40077
1316.0      2021.82406
1317.0      2006.53149
1318.0      1975.29381
1319.0      1950.88867
1320.0      2003.44798
1321.0      2023.17302
1322.0      2037.73750
1323.0      2023.62522
1324.0      2077.94907
1325.0      2070.34576
1326.0      2060.72095
1327.0      1978.62081
1328.0      2004.34684
1329.0      1985.27118
1330.0      2002.30311
1331.0      1981.25649
1332.0      2070.17842
1333.0      2114.82288
1334.0      2133.81718
1335.0      2081.11487
1336.0      2077.63974
1337.0      2053.84427
1338.0      2029.46525
1339.0      1976.60985
1340.0      2011.83061
1341.0      2055.62449
1342.0      2100.10328
1343.0      2060.77244
1344.0      2079.37211
1345.0      2062.02876
1346.0      2047.81027
1347.0      1977.95992
1348.0      2031.63746
1349.0      2011.89671
1350.0      1989.45658
1351.0      1930.51095
1352.0      1996.00000
1353.0      2009.71108
1354.0      2024.94221
1355.0      1994.24157
1356.0      2026.79416
1357.0      2005.56205
1358.0      1965.81517
1359.0      1902.20849
1360.0      1937.95864
1361.0      1943.71410
1362.0      1932.68480
1363.0      1911.31220
1364.0      1994.44878
1365.0      2036.77765
1366.0      2055.09931
1367.0      2016.91754
1368.0      2044.88296
1369.0      2004.41922
1370.0      1990.98258
1371.0      1957.75514
1372.0      1960.36816
1373.0      1905.72829
1374.0      1909.83785
1375.0      1925.24544
1376.0      1994.85130
1377.0      2007.34438
1378.0      1967.85604
1379.0      1881.79793
1380.0      1886.34744
1381.0      1880.58602
1382.0      1858.33235
1383.0      1838.46235
1384.0      1915.85680
1385.0      1958.77179
1386.0      1990.65963
1387.0      1964.64980
1388.0      2000.44045
1389.0      1965.09650
1390.0      1947.09107
1391.0      1872.15010
1392.0      1907.34560
1393.0      1907.22893
1394.0      1934.01048
1395.0      1916.78479
1396.0      1999.19163
1397.0      2023.35356
1398.0      2018.19863
1399.0      1967.39990
1400.0      1996.67658
1401.0      1981.94510
1402.0      1987.76017
1403.0      1942.85706
1404.0      1941.04598
1405.0      1905.94446
1406.0      1932.02704
1407.0      1916.49027
1408.0      1969.84005
1409.0      1953.91001
1410.0      1930.25342
1411.0      1841.13132
1412.0      1872.56547
1413.0      1880.28722
1414.0      1891.06401
1415.0      1846.43644
1416.0      1903.62730
1417.0      1940.62952
1418.0      1967.75548
1419.0      1929.51147
1420.0      1933.22470
1421.0      1891.37900
1422.0      1860.30843
1423.0      1823.42660
1424.0      1857.82577
1425.0      1879.68120
1426.0      1899.15563
1427.0      1885.92752
1428.0      1966.41438
1429.0      1999.96303
1430.0      1980.72610
1431.0      1864.97137
1432.0      1879.01657
1433.0      1878.98359
1434.0      1879.87143
1435.0      1831.68961
1436.0      1890.24138
1437.0      1924.25673
1438.0      1985.00372
1439.0      1991.06637
1440.0      2029.29913
1441.0      2022.59253
1442.0      1993.24677
1443.0      1941.89694
1444.0      1908.15984
1445.0      1872.28987
1446.0      1881.21030
1447.0      1913.21902
1448.0      1985.91080
1449.0      1947.30079
1450.0      1941.64203
1451.0      1895.81781
1452.0      1928.73632
1453.0      1892.33391
1454.0      1909.44046
1455.0      1866.67423
1456.0      1866.70668
1457.0      1829.76340
1458.0      1871.56863
1459.0      1881.92398
1460.0      1939.62010
1461.0      1965.30937
1462.0      1950.32185
1463.0      1848.89543
1464.0      1811.95905
1465.0      1790.92880
1466.0      1771.06925
1467.0      1744.15534
1468.0      1825.10197
1469.0      1884.54425
1470.0      1926.25476
1471.0      1890.10944
1472.0      1898.28697
1473.0      1854.68681
1474.0      1837.31080
1475.0      1745.60082
1476.0      1773.67879
1477.0      1790.82121
1478.0      1859.97337
1479.0      1899.25190
1480.0      2046.98677
1481.0      2055.17579
1482.0      1923.10428
1483.0      1750.37264
1484.0      1764.33314
1485.0      1778.19698
1486.0      1762.95967
1487.0      1701.99303
1488.0      1726.18480
1489.0      1735.50134
1490.0      1794.91045
1491.0      1827.51573
1492.0      1879.93613
1493.0      1855.59654
1494.0      1812.08573
1495.0      1735.12364
1496.0      1773.71715
1497.0      1772.00576
1498.0      1773.95067
1499.0      1744.00789
1500.0      1841.22685
1501.0      1891.03003
1502.0      1928.19663
1503.0      1916.75939
1504.0      1871.98282
1505.0      1760.72233
1506.0      1688.58998
1507.0      1647.82258
1508.0      1677.32741
1509.0      1694.66109
1510.0      1726.27674
1511.0      1723.04853
1512.0      1794.10280
1513.0      1803.79343
1514.0      1763.03010
1515.0      1688.51425
1516.0      1737.46113
1517.0      1727.99347
1518.0      1708.81291
1519.0      1663.62072
1520.0      1735.97241
1521.0      1780.36915
1522.0      1836.64438
1523.0      1808.87654
1524.0      1809.29724
1525.0      1776.31900
1526.0      1772.73436
1527.0      1716.45235
1528.0      1742.18228
1529.0      1743.21712
1530.0      1754.43286
1531.0      1761.37756
1532.0      1848.68885
1533.0      1777.13780
1534.0      1628.83275
1535.0      1504.07493
1536.0      1563.39139
1537.0      1579.00576
1538.0      1589.85943
1539.0      1540.86760
1540.0      1567.61498
1541.0      1575.78930
1542.0      1625.64155
1543.0      1607.98855
1544.0      1651.77709
1545.0      1644.83299
1546.0      1614.50891
1547.0      1535.53657
1548.0      1563.19410
1549.0      1565.84534
1550.0      1554.67656
1551.0      1531.23876
1552.0      1603.39444
1553.0      1629.12922
1554.0      1626.69179
1555.0      1582.77952
1556.0      1595.56733
1557.0      1581.17832
1558.0      1554.64889
1559.0      1493.90908
1560.0      1538.89838
1561.0      1549.56136
1562.0      1575.27579
1563.0      1544.01367
1564.0      1623.36305
1565.0      1609.91340
1566.0      1578.59177
1567.0      1517.69364
1568.0      1547.73147
1569.0      1535.71645
1570.0      1509.26594
1571.0      1486.54918
1572.0      1534.20252
1573.0      1549.39781
1574.0      1557.34903
1575.0      1525.51424
1576.0      1545.50899
1577.0      1535.36174
1578.0      1515.05017
1579.0      1444.03925
1580.0      1455.97911
1581.0      1440.25679
1582.0      1442.41942
1583.0      1411.74965
1584.0      1502.01044
1585.0      1526.34312
1586.0      1548.70353
1587.0      1514.81608
1588.0      1542.68370
1589.0      1511.51679
1590.0      1483.50823
1591.0      1454.94494
1592.0      1487.44203
1593.0      1512.09582
1594.0      1514.68720
1595.0      1494.57234
1596.0      1523.13951
1597.0      1526.71667
1598.0      1500.54286
1599.0      1421.79524
1600.0      1450.60909
1601.0      1438.61145
1602.0      1454.23849
1603.0      1419.42787
1604.0      1483.30694
1605.0      1475.27960
1606.0      1488.89557
1607.0      1450.40129
1608.0      1469.10917
1609.0      1441.47096
1610.0      1421.30972
1611.0      1380.91306
1612.0      1408.49662
1613.0      1441.61886
1614.0      1433.78126
1615.0      1397.69106
1616.0      1425.52861
1617.0      1452.35858
1618.0      1457.66440
1619.0      1423.97697
1620.0      1451.59633
1621.0      1408.19919
1622.0      1390.43464
1623.0      1349.92131
1624.0      1402.54605
1625.0      1400.72571
1626.0      1434.33682
1627.0      1405.74497
1628.0      1452.91008
1629.0      1461.24000
1630.0      1447.17578
1631.0      1372.01733
1632.0      1398.24682
1633.0      1451.38723
1634.0      1458.58311
1635.0      1433.48539
1636.0      1476.25600
1637.0      1509.45096
1638.0      1508.35413
1639.0      1478.68180
1640.0      1498.83218
1641.0      1466.72820
1642.0      1449.70607
1643.0      1392.49556
1644.0      1430.36472
1645.0      1411.28260
1646.0      1404.18184
1647.0      1330.76054
1648.0      1380.25607
1649.0      1390.93525
1650.0      1385.08699
1651.0      1343.33578
1652.0      1389.02088
1653.0      1406.05478
1654.0      1401.83931
1655.0      1371.86835
1656.0      1382.66175
1657.0      1383.60160
1658.0      1404.79743
1659.0      1397.04115
1660.0      1424.57074
1661.0      1405.26346
1662.0      1390.77815
1663.0      1308.02703
1664.0      1345.03785
1665.0      1316.11543
1666.0      1306.63877
1667.0      1231.15549
1668.0      1304.15621
1669.0      1335.87321
1670.0      1336.37606
1671.0      1269.87430
1672.0      1266.63108
1673.0      1252.77697
1674.0      1264.29835
1675.0      1244.34833
1676.0      1270.87978
1677.0      1273.03610
1678.0      1286.17820
1679.0      1268.29141
1680.0      1293.82073
1681.0      1297.04494
1682.0      1284.63679
1683.0      1226.63106
1684.0      1273.06828
1685.0      1243.12295
1686.0      1234.25337
1687.0      1171.70896
1688.0      1236.49779
1689.0      1234.21758
1690.0      1252.02997
1691.0      1214.77779
1692.0      1231.50178
1693.0      1215.23870
1694.0      1214.90536
1695.0      1171.97826
1696.0      1200.42414
1697.0      1198.48499
1698.0      1174.93657
1699.0      1126.30966
1700.0      1186.75621
1701.0      1214.08854
1702.0      1225.25699
1703.0      1202.57170
1704.0      1271.30688
1705.0      1244.85569
1706.0      1230.87739
1707.0      1160.99567
1708.0      1204.21786
1709.0      1195.97762
1710.0      1230.14347
1711.0      1206.77307
1712.0      1260.68129
1713.0      1269.31125
1714.0      1258.31029
1715.0      1223.37503
1716.0      1264.89132
1717.0      1269.60930
1718.0      1234.89512
1719.0      1204.88950
1720.0      1257.56919
1721.0      1260.26363
1722.0      1256.83542
1723.0      1230.42176
1724.0      1280.70861
1725.0      1271.00199
1726.0      1295.73484
1727.0      1254.86395
1728.0      1297.12957
1729.0      1276.64286
1730.0      1297.21491
1731.0      1261.44833
1732.0      1312.56271
1733.0      1320.77287
1734.0      1326.37197
1735.0      1314.26332
1736.0      1352.52986
1737.0      1350.38308
1738.0      1324.88772
1739.0      1284.14687
1740.0      1295.26211
1741.0      1303.43145
1742.0      1328.39475
1743.0      1333.84837
1744.0      1417.32244
1745.0      1434.07759
1746.0      1402.55614
1747.0      1293.52458
1748.0      1313.66807
1749.0      1299.07431
1750.0      1313.33824
1751.0      1268.95122
1752.0      1309.52686
1753.0      1310.97386
1754.0      1327.29063
1755.0      1323.75355
1756.0      1364.05049
1757.0      1363.48267
1758.0      1336.69200
1759.0      1300.95033
1760.0      1326.11080
1761.0      1344.75537
1762.0      1336.41286
1763.0      1303.13692
1764.0      1348.01993
1765.0      1366.34208
1766.0      1371.10831
1767.0      1319.24234
1768.0      1373.63800
1769.0      1354.96497
1770.0      1336.68022
1771.0      1280.42880
1772.0      1334.14993
1773.0      1341.47016
1774.0      1352.89764
1775.0      1334.24393
1776.0      1382.14309
1777.0      1385.79844
1778.0      1369.56106
1779.0      1316.95543
1780.0      1329.90589
1781.0      1337.49894
1782.0      1312.44315
1783.0      1274.80349
1784.0      1307.77111
1785.0      1332.11318
1786.0      1356.38974
1787.0      1342.79941
1788.0      1386.86187
1789.0      1351.87870
1790.0      1338.82254
1791.0      1312.25535
1792.0      1373.20153
1793.0      1352.42477
1794.0      1324.55897
1795.0      1293.79778
1796.0      1364.48365
1797.0      1390.64810
1798.0      1368.31580
1799.0      1300.58546
1800.0      1311.05001
1801.0      1315.04646
1802.0      1301.41416
1803.0      1272.37276
1804.0      1305.48110
1805.0      1310.31029
1806.0      1328.99863
1807.0      1322.96595
1808.0      1348.29706
1809.0      1311.35701
1810.0      1300.22569
1811.0      1259.89697
1812.0      1292.37050
1813.0      1279.76955
1814.0      1270.76515
1815.0      1232.72449
1816.0      1292.28861
1817.0      1354.19105
1818.0      1360.98153
1819.0      1299.04451
1820.0      1282.07846
1821.0      1288.77385
1822.0      1291.89571
1823.0      1255.59241
1824.0      1250.41337
1825.0      1242.75686
1826.0      1267.73287
1827.0      1264.11117
1828.0      1302.38531
1829.0      1307.07949
1830.0      1297.28134
1831.0      1232.35402
1832.0      1264.55307
1833.0      1260.98519
1834.0      1237.47829
1835.0      1183.99728
1836.0      1255.13892
1837.0      1277.90345
1838.0      1259.40652
1839.0      1214.16977
1840.0      1237.76663
1841.0      1234.55128
1842.0      1240.04360
1843.0      1218.30339
1844.0      1227.74916
1845.0      1210.54758
1846.0      1201.24715
1847.0      1196.25934
1848.0      1274.11076
1849.0      1315.48691
1850.0      1319.39295
1851.0      1252.55774
1852.0      1265.69074
1853.0      1234.43574
1854.0      1225.35518
1855.0      1177.70490
1856.0      1203.74164
1857.0      1195.74928
1858.0      1217.18602
1859.0      1225.47985
1860.0      1257.54589
1861.0      1257.14645
1862.0      1261.03194
1863.0      1229.85296
1864.0      1233.28876
1865.0      1252.31212
1866.0      1251.92918
1867.0      1197.63378
1868.0      1196.18808
1869.0      1207.22690
1870.0      1227.81352
1871.0      1207.43201
1872.0      1241.13312
1873.0      1230.74999
1874.0      1256.80918
1875.0      1277.30804
1876.0      1324.68327
1877.0      1295.97414
1878.0      1289.94301
1879.0      1260.66575
1880.0      1267.78243
1881.0      1238.97575
1882.0      1234.56977
1883.0      1224.30188
1884.0      1263.75858
1885.0      1246.93944
1886.0      1212.27757
1887.0      1198.18873
1888.0      1227.74775
1889.0      1193.28203
1890.0      1174.21625
1891.0      1164.36423
1892.0      1204.15938
1893.0      1207.51121
1894.0      1207.08243
1895.0      1153.54054
1896.0      1162.68046
1897.0      1151.88160
1898.0      1146.65238
1899.0      1113.85574
1900.0      1173.35242
1901.0      1189.49501
1902.0      1195.04523
1903.0      1180.98153
1904.0      1219.81040
1905.0      1214.35566
1906.0      1212.94591
1907.0      1212.26755
1908.0      1272.90625
1909.0      1313.65577
1910.0      1346.64780
1911.0      1310.59363
1912.0      1335.50004
1913.0      1324.63595
1914.0      1264.43855
1915.0      1137.23438
1916.0      1138.01081
1917.0      1127.22749
1918.0      1118.54277
1919.0      1097.07622
1920.0      1200.48646
1921.0      1281.13256
1922.0      1343.26124
1923.0      1323.56043
1924.0      1315.66004
1925.0      1297.97728
1926.0      1297.11454
1927.0      1214.49848
1928.0      1160.97726
1929.0      1135.99617
1930.0      1172.10398
1931.0      1217.35447
1932.0      1261.57732
1933.0      1220.17196
1934.0      1153.12114
1935.0      1108.69557
1936.0      1116.81378
1937.0      1079.68382
1938.0      1074.65422
1939.0      1045.58223
1940.0      1077.15134
1941.0      1073.55505
1942.0      1096.90383
1943.0      1092.59461
1944.0      1138.38697
1945.0      1151.29057
1946.0      1146.26300
1947.0      1095.40180
1948.0      1122.24246
1949.0      1136.59160
1950.0      1115.18693
1951.0      1126.86189
1952.0      1227.80137
1953.0      1238.57811
1954.0      1172.40903
1955.0      1119.45006
1956.0      1150.46617
1957.0      1128.21951
1958.0      1117.50355
1959.0      1094.96950
1960.0      1148.04277
1961.0      1215.19651
1962.0      1321.91727
1963.0      1306.94110
1964.0      1263.91780
1965.0      1169.38671
1966.0      1134.06504
1967.0      1066.85754
1968.0      1064.64700
1969.0      1045.92889
1970.0      1029.12700
1971.0      1002.59071
1972.0      1025.03563
1973.0      1054.16200
1974.0      1096.31251
1975.0      1101.57091
1976.0      1110.25760
1977.0      1079.53199
1978.0      1075.12014
1979.0      1046.58026
1980.0      1073.16563
1981.0      1062.39247
1982.0      1061.55315
1983.0      1039.30487
1984.0      1101.32934
1985.0      1134.96030
1986.0      1153.93640
1987.0      1142.07823
1988.0      1165.12619
1989.0      1144.96717
1990.0      1116.70064
1991.0      1070.01129
1992.0      1059.51038
1993.0      1043.34590
1994.0      1055.28512
1995.0      1067.08697
1996.0      1106.48469
1997.0      1109.28283
1998.0      1092.51185
1999.0      1048.30313
2000.0      1074.65250
2001.0      1053.59412
2002.0      1032.86734
2003.0      999.68180
2004.0      1082.32768
2005.0      1139.53096
2006.0      1181.44258
2007.0      1180.30213
2008.0      1230.35402
2009.0      1268.42244
2010.0      1294.80055
2011.0      1247.94337
2012.0      1227.53461
2013.0      1221.20093
2014.0      1205.60530
2015.0      1115.48950
2016.0      1064.83667
2017.0      1045.81334
2018.0      1058.77352
2019.0      1044.94519
2020.0      1046.63960
2021.0      989.55676
2022.0      965.75061
2023.0      946.66503
2024.0      972.61807
2025.0      963.12266
2026.0      976.33940
2027.0      969.41570
2028.0      1012.21333
2029.0      1036.16966
2030.0      1042.28756
2031.0      994.18020
2032.0      991.49271
2033.0      980.88242
2034.0      966.04993
2035.0      952.73614
2036.0      1010.10153
2037.0      1042.90065
2038.0      1055.60112
2039.0      1042.94197
2040.0      1066.48883
2041.0      1039.61398
2042.0      1024.18129
2043.0      965.93371
2044.0      965.76408
2045.0      947.04774
2046.0      979.07611
2047.0      971.05181
2048.0      1025.01766
2049.0      1035.78805
2050.0      1038.41971
2051.0      1007.81098
2052.0      1019.17224
2053.0      987.43269
2054.0      966.54152
2055.0      956.52949
2056.0      998.87306
2057.0      1009.18358
2058.0      1008.94507
2059.0      969.31345
2060.0      972.13370
2061.0      980.33500
2062.0      986.42648
2063.0      928.00076
2064.0      919.75691
2065.0      897.43922
2066.0      910.76469
2067.0      887.58019
2068.0      957.62863
2069.0      985.82093
2070.0      1003.96905
2071.0      984.75836
2072.0      1001.07692
2073.0      980.02665
2074.0      948.38038
2075.0      919.50961
2076.0      933.32063
2077.0      935.68855
2078.0      938.05152
2079.0      928.88611
2080.0      968.98479
2081.0      991.16869
2082.0      994.44720
2083.0      963.22508
2084.0      989.67061
2085.0      949.07042
2086.0      916.86385
2087.0      867.01856
2088.0      909.73691
2089.0      909.37525
2090.0      956.38186
2091.0      962.44425
2092.0      988.12823
2093.0      967.55630
2094.0      946.29981
2095.0      892.47215
2096.0      899.86394
2097.0      920.25660
2098.0      913.10477
2099.0      881.82174
2100.0      916.99372
2101.0      951.88239
2102.0      978.32952
2103.0      958.00117
2104.0      966.28661
2105.0      917.23081
2106.0      901.91061
2107.0      873.37063
2108.0      896.88874
2109.0      880.97192
2110.0      892.42611
2111.0      901.21532
2112.0      971.80918
2113.0      985.18945
2114.0      946.82391
2115.0      872.71710
2116.0      877.66901
2117.0      886.01001
2118.0      869.61156
2119.0      848.78933
2120.0      874.85963
2121.0      884.18538
2122.0      903.38950
2123.0      903.55805
2124.0      917.74923
2125.0      852.45637
2126.0      820.33822
2127.0      778.68241
2128.0      807.42153
2129.0      798.03177
2130.0      806.64700
2131.0      796.10703
2132.0      850.37585
2133.0      864.57159
2134.0      850.01931
2135.0      812.71508
2136.0      820.93382
2137.0      808.75588
2138.0      790.47781
2139.0      769.97945
2140.0      785.11655
2141.0      786.95087
2142.0      808.49627
2143.0      814.05008
2144.0      843.37529
2145.0      825.63372
2146.0      814.52614
2147.0      770.90117
2148.0      797.81033
2149.0      788.65205
2150.0      788.92969
2151.0      755.63845
2152.0      799.72119
2153.0      820.20007
2154.0      836.91687
2155.0      817.03196
2156.0      816.63655
2157.0      799.95310
2158.0      794.65824
2159.0      769.52329
2160.0      766.53505
2161.0      761.53794
2162.0      787.10275
2163.0      797.66150
2164.0      843.01098
2165.0      841.75096
2166.0      829.29837
2167.0      766.77835
2168.0      787.82601
2169.0      769.44535
2170.0      766.06379
2171.0      727.03996
2172.0      770.30212
2173.0      786.32398
2174.0      802.65969
2175.0      790.37406
2176.0      803.65481
2177.0      786.77468
2178.0      771.79209
2179.0      732.19741
2180.0      737.82647
2181.0      737.87612
2182.0      737.83304
2183.0      725.48494
2184.0      772.07602
2185.0      797.05503
2186.0      798.17013
2187.0      764.42216
2188.0      789.38350
2189.0      761.88225
2190.0      747.37081
2191.0      705.20821
2192.0      733.82481
2193.0      739.58425
2194.0      762.17838
2195.0      761.35685
2196.0      808.75113
2197.0      818.65378
2198.0      787.44971
2199.0      725.43373
2200.0      727.76308
2201.0      720.63487
2202.0      710.96929
2203.0      703.06794
2204.0      746.56308
2205.0      751.20570
2206.0      768.10451
2207.0      759.63824
2208.0      776.61402
2209.0      744.93265
2210.0      746.77535
2211.0      704.47634
2212.0      708.93052
2213.0      703.27006
2214.0      740.83744
2215.0      728.01456
2216.0      759.85873
2217.0      758.93987
2218.0      754.65550
2219.0      733.43528
2220.0      740.51283
2221.0      721.10392
2222.0      705.88888
2223.0      695.61581
2224.0      715.53090
2225.0      710.10174
2226.0      719.07573
2227.0      699.46575
2228.0      732.46821
2229.0      746.89364
2230.0      742.59940
2231.0      673.82461
2232.0      677.89702
2233.0      680.34469
2234.0      688.77087
2235.0      658.24602
2236.0      695.84942
2237.0      702.81218
2238.0      721.32238
2239.0      731.90093
2240.0      755.80162
2241.0      716.24514
2242.0      674.51217
2243.0      639.71684
2244.0      665.56673
2245.0      673.25351
2246.0      675.78182
2247.0      650.81140
2248.0      701.87459
2249.0      723.85443
2250.0      722.97012
2251.0      667.27743
2252.0      683.10196
2253.0      658.86926
2254.0      663.92462
2255.0      641.21334
2256.0      671.04812
2257.0      659.22607
2258.0      675.41629
2259.0      677.33729
2260.0      711.92822
2261.0      711.58930
2262.0      693.54172
2263.0      646.02353
2264.0      659.56316
2265.0      676.01874
2266.0      679.29501
2267.0      646.50276
2268.0      668.52563
2269.0      671.88234
2270.0      685.60325
2271.0      666.94088
2272.0      681.17934
2273.0      639.83834
2274.0      636.04009
2275.0      620.50923
2276.0      649.08886
2277.0      636.36783
2278.0      641.18133
2279.0      627.05917
2280.0      679.19516
2281.0      697.79467
2282.0      680.21089
2283.0      621.77169
2284.0      637.33845
2285.0      651.94319
2286.0      651.99240
2287.0      622.33615
2288.0      636.37556
2289.0      631.90192
2290.0      650.01358
2291.0      640.39539
2292.0      662.03980
2293.0      644.61764
2294.0      641.51887
2295.0      597.68112
2296.0      614.05264
2297.0      610.09281
2298.0      608.62334
2299.0      574.33808
2300.0      616.49378
2301.0      634.57930
2302.0      633.58503
2303.0      599.23193
2304.0      611.33711
2305.0      611.77030
2306.0      615.24402
2307.0      589.01029
2308.0      598.81086
2309.0      600.83058
2310.0      622.15649
2311.0      617.88291
2312.0      653.31825
2313.0      652.75404
2314.0      637.34737
2315.0      583.27224
2316.0      618.24959
2317.0      618.94310
2318.0      607.13685
2319.0      569.14572
2320.0      620.39538
2321.0      637.09652
2322.0      646.66496
2323.0      637.35068
2324.0      655.92664
2325.0      638.36055
2326.0      637.58595
2327.0      615.87661
2328.0      640.01476
2329.0      635.97755
2330.0      632.15543
2331.0      618.57453
2332.0      661.38164
2333.0      668.14049
2334.0      652.66076
2335.0      625.76832
2336.0      642.94643
2337.0      603.99431
2338.0      572.25026
2339.0      531.36272
2340.0      557.05780
2341.0      567.83617
2342.0      597.63944
2343.0      592.67243
2344.0      612.36488
2345.0      609.16641
2346.0      607.59740
2347.0      577.28591
2348.0      593.56933
2349.0      587.69451
2350.0      575.90954
2351.0      560.75275
2352.0      601.91556
2353.0      602.93164
2354.0      602.46562
2355.0      593.42463
2356.0      630.72842
2357.0      619.84129
2358.0      612.59125
2359.0      568.00330
2360.0      584.70165
2361.0      595.68453
2362.0      617.82154
2363.0      593.37558
2364.0      627.63581
2365.0      636.39272
2366.0      633.64894
2367.0      599.04441
2368.0      620.43579
2369.0      614.31060
2370.0      598.33186
2371.0      587.67289
2372.0      623.56767
2373.0      623.48649
2374.0      617.15291
2375.0      592.25151
2376.0      618.16394
2377.0      625.83764
2378.0      630.89745
2379.0      581.10885
2380.0      593.51388
2381.0      591.19076
2382.0      594.30863
2383.0      564.82502
2384.0      603.47815
2385.0      603.77686
2386.0      604.78991
2387.0      596.12436
2388.0      618.93985
2389.0      595.24291
2390.0      569.73056
2391.0      541.22632
2392.0      565.78274
2393.0      578.20965
2394.0      582.97515
2395.0      555.17551
2396.0      582.53835
2397.0      616.79338
2398.0      622.42543
2399.0      579.20000
2400.0      593.65373
2401.0      587.58727
2402.0      582.22623
2403.0      547.14518
2404.0      584.10483
2405.0      571.83804
2406.0      581.38991
2407.0      575.11271
2408.0      602.69957
2409.0      591.43581
2410.0      575.11112
2411.0      538.51694
2412.0      562.92172
2413.0      574.83572
2414.0      563.34347
2415.0      525.03590
2416.0      566.52905
2417.0      596.40694
2418.0      597.25485
2419.0      566.54049
2420.0      577.96527
2421.0      556.84516
2422.0      552.65839
2423.0      538.92453
2424.0      573.79387
2425.0      558.82322
2426.0      565.59465
2427.0      534.64418
2428.0      565.46179
2429.0      574.46915
2430.0      577.70332
2431.0      537.56326
2432.0      556.62468
2433.0      569.70803
2434.0      548.81315
2435.0      513.08261
2436.0      534.03454
2437.0      543.14876
2438.0      537.26037
2439.0      507.68828
2440.0      521.25087
2441.0      512.79618
2442.0      508.28497
2443.0      476.36057
2444.0      490.29001
2445.0      486.44263
2446.0      476.56452
2447.0      444.31299
2448.0      495.96280
2449.0      521.87433
2450.0      519.22449
2451.0      484.29187
2452.0      526.37798
2453.0      535.99652
2454.0      518.14756
2455.0      486.93848
2456.0      506.44078
2457.0      518.56124
2458.0      528.43614
2459.0      514.16610
2460.0      527.56815
2461.0      526.36625
2462.0      521.55325
2463.0      486.96459
2464.0      515.53458
2465.0      510.37146
2466.0      493.72577
2467.0      450.76208
2468.0      499.78041
2469.0      502.50332
2470.0      503.53496
2471.0      480.59983
2472.0      510.93178
2473.0      502.03836
2474.0      496.60376
2475.0      469.89484
2476.0      483.25617
2477.0      483.65965
2478.0      480.78898
2479.0      457.40948
2480.0      491.70135
2481.0      512.77326
2482.0      511.74434
2483.0      486.23822
2484.0      513.18083
2485.0      491.16109
2486.0      472.70585
2487.0      438.37986
2488.0      472.63219
2489.0      457.17577
2490.0      466.47747
2491.0      449.69554
2492.0      491.47918
2493.0      505.99889
2494.0      507.52804
2495.0      458.28605
2496.0      461.93737
2497.0      461.19303
2498.0      445.73238
2499.0      422.38037
2500.0      460.67730
