800.0      383681689.61474
801.0      137761730.46695
802.0      -40798969.29274
803.0      7461.43659
804.0      765.87878
805.0      1000.09455
806.0      730.28702
807.0      499.23968
808.0      711.69792
809.0      696.85870
810.0      1109.10587
811.0      1676.75243
812.0      2076.21949
813.0      1782.87790
814.0      1633.58084
815.0      1243.77459
816.0      1262.88183
817.0      1172.59589
818.0      1260.44306
819.0      918.85318
820.0      1332.05952
821.0      1638.69851
822.0      1959.24835
823.0      2013.36349
824.0      2081.47631
825.0      1523.78831
826.0      1289.31153
827.0      1245.09115
828.0      1319.07336
829.0      1105.19516
830.0      1379.73058
831.0      1542.87556
832.0      1955.61179
833.0      2305.58959
834.0      2389.58586
835.0      1748.98144
836.0      1508.56092
837.0      1449.22166
838.0      1584.12430
839.0      1434.68388
840.0      1560.84472
841.0      1362.40385
842.0      1659.83840
843.0      1928.17052
844.0      2139.98575
845.0      1821.67457
846.0      1748.04144
847.0      1391.82160
848.0      1470.39123
849.0      1526.66595
850.0      1551.23716
851.0      1181.08390
852.0      1469.28319
853.0      1811.36293
854.0      1964.18475
855.0      1768.21824
856.0      1777.46637
857.0      1547.35080
858.0      1493.58824
859.0      1401.80829
860.0      1504.99749
861.0      1389.61246
862.0      1523.86285
863.0      1546.17540
864.0      1839.08786
865.0      1966.50877
866.0      1991.00382
867.0      1566.07936
868.0      1621.59339
869.0      1564.18803
870.0      1517.96447
871.0      1328.11631
872.0      1598.02048
873.0      1622.52180
874.0      1744.29789
875.0      1817.33950
876.0      1978.68229
877.0      1744.68287
878.0      1699.49321
879.0      1534.49445
880.0      1615.26282
881.0      1509.13361
882.0      1512.56854
883.0      1382.64212
884.0      1559.78644
885.0      1642.83557
886.0      1764.52786
887.0      1760.49824
888.0      1906.18488
889.0      1752.65379
890.0      1728.70714
891.0      1558.28210
892.0      1602.64127
893.0      1473.99991
894.0      1574.15411
895.0      1561.61527
896.0      1672.70913
897.0      1711.38958
898.0      1800.41087
899.0      1719.35541
900.0      1788.44795
901.0      1697.64042
902.0      1669.49401
903.0      1530.09756
904.0      1723.00443
905.0      1742.69889
906.0      1851.04545
907.0      1800.39220
908.0      1909.63327
909.0      1884.74879
910.0      1909.84283
911.0      1696.85812
912.0      1726.66101
913.0      1708.87754
914.0      1728.78397
915.0      1510.49205
916.0      1680.11151
917.0      1775.71814
918.0      1819.27656
919.0      1723.52816
920.0      1829.63749
921.0      1783.35163
922.0      1692.96937
923.0      1603.82063
924.0      1688.11242
925.0      1695.40818
926.0      1692.76264
927.0      1607.65615
928.0      1779.47551
929.0      1867.11001
930.0      1941.65941
931.0      1779.42389
932.0      1922.44139
933.0      1885.32309
934.0      1822.48579
935.0      1675.62244
936.0      1843.74116
937.0      1843.70023
938.0      1836.77523
939.0      1798.63428
940.0      1969.29689
941.0      1942.79380
942.0      1932.10134
943.0      1797.66335
944.0      1859.25201
945.0      1851.59100
946.0      1801.72058
947.0      1676.59164
948.0      1849.86366
949.0      1988.05858
950.0      2085.32150
951.0      2008.08807
952.0      2100.50415
953.0      1977.21582
954.0      1946.28103
955.0      1866.47418
956.0      1961.13779
957.0      1907.23550
958.0      1856.24233
959.0      1729.49628
960.0      1884.88710
961.0      2042.00491
962.0      2118.64975
963.0      1947.51683
964.0      2003.80721
965.0      2008.13272
966.0      1965.45017
967.0      1847.08200
968.0      1978.62137
969.0      2042.13835
970.0      2124.01559
971.0      2152.49188
972.0      2283.56357
973.0      2232.05055
974.0      2204.96776
975.0      2064.84174
976.0      2127.57384
977.0      2104.59146
978.0      2083.74520
979.0      1955.21018
980.0      2133.06404
981.0      2252.86142
982.0      2323.78712
983.0      2294.32045
984.0      2425.10296
985.0      2373.48237
986.0      2285.56410
987.0      2116.90155
988.0      2111.06439
989.0      2087.36794
990.0      2177.70533
991.0      2207.62804
992.0      2327.49729
993.0      2374.59153
994.0      2399.27003
995.0      2292.64419
996.0      2369.32992
997.0      2327.85773
998.0      2246.41739
999.0      2086.51773
1000.0      2213.76090
1001.0      2282.96895
1002.0      2374.05552
1003.0      2359.51491
1004.0      2445.72105
1005.0      2417.03253
1006.0      2427.29579
1007.0      2293.52210
1008.0      2273.33273
1009.0      2183.79188
1010.0      2143.38123
1011.0      2082.97430
1012.0      2263.49642
1013.0      2358.43312
1014.0      2394.03687
1015.0      2323.65693
1016.0      2421.95515
1017.0      2342.73086
1018.0      2293.83444
1019.0      2165.98144
1020.0      2203.89830
1021.0      2153.78830
1022.0      2212.83925
1023.0      2199.01513
1024.0      2330.76452
1025.0      2385.91577
1026.0      2443.89004
1027.0      2342.43809
1028.0      2365.07842
1029.0      2314.06637
1030.0      2286.44771
1031.0      2238.18020
1032.0      2368.08942
1033.0      2421.53542
1034.0      2485.96136
1035.0      2481.35180
1036.0      2568.81325
1037.0      2524.01063
1038.0      2515.68470
1039.0      2368.39751
1040.0      2357.00169
1041.0      2320.40212
1042.0      2408.40569
1043.0      2393.48495
1044.0      2539.57925
1045.0      2583.49951
1046.0      2604.31120
1047.0      2533.00133
1048.0      2577.41188
1049.0      2497.98269
1050.0      2407.51121
1051.0      2329.35980
1052.0      2386.88422
1053.0      2426.55817
1054.0      2504.42056
1055.0      2525.10237
1056.0      2609.38022
1057.0      2631.10812
1058.0      2609.89369
1059.0      2471.09057
1060.0      2487.91460
1061.0      2447.62443
1062.0      2446.31876
1063.0      2397.57624
1064.0      2536.38947
1065.0      2561.63851
1066.0      2615.67497
1067.0      2603.48029
1068.0      2661.09266
1069.0      2596.64354
1070.0      2541.79031
1071.0      2437.67389
1072.0      2465.86889
1073.0      2489.71141
1074.0      2546.12560
1075.0      2540.75419
1076.0      2664.41489
1077.0      2715.33300
1078.0      2716.31771
1079.0      2634.89890
1080.0      2657.61360
1081.0      2577.89830
1082.0      2537.98337
1083.0      2484.69198
1084.0      2566.84109
1085.0      2559.90592
1086.0      2614.11377
1087.0      2599.71198
1088.0      2695.47147
1089.0      2675.09414
1090.0      2628.90169
1091.0      2515.29982
1092.0      2558.30427
1093.0      2575.85072
1094.0      2577.95543
1095.0      2542.66705
1096.0      2626.35787
1097.0      2677.19362
1098.0      2754.55848
1099.0      2741.97265
1100.0      2765.23764
1101.0      2661.99863
1102.0      2621.73792
1103.0      2543.82318
1104.0      2620.40373
1105.0      2631.25546
1106.0      2659.18331
1107.0      2615.99051
1108.0      2742.42393
1109.0      2793.50456
1110.0      2797.07466
1111.0      2694.87561
1112.0      2694.29201
1113.0      2659.25300
1114.0      2642.97091
1115.0      2597.99846
1116.0      2649.51852
1117.0      2706.05586
1118.0      2791.22750
1119.0      2785.51901
1120.0      2823.30455
1121.0      2787.09330
1122.0      2740.58943
1123.0      2642.72793
1124.0      2710.02753
1125.0      2707.25891
1126.0      2689.40956
1127.0      2631.96750
1128.0      2763.92102
1129.0      2810.01554
1130.0      2834.72561
1131.0      2765.92934
1132.0      2777.99908
1133.0      2726.52702
1134.0      2712.19218
1135.0      2663.21679
1136.0      2726.88492
1137.0      2748.09218
1138.0      2764.00530
1139.0      2750.58415
1140.0      2852.19000
1141.0      2870.23587
1142.0      2821.17167
1143.0      2723.14506
1144.0      2749.25300
1145.0      2704.17882
1146.0      2687.52114
1147.0      2628.15530
1148.0      2709.88078
1149.0      2757.68156
1150.0      2847.91641
1151.0      2825.69821
1152.0      2857.60505
1153.0      2813.55052
1154.0      2784.03818
1155.0      2714.03075
1156.0      2770.75356
1157.0      2791.05879
1158.0      2794.72056
1159.0      2786.26793
1160.0      2876.67722
1161.0      2894.76186
1162.0      2852.88529
1163.0      2754.12489
1164.0      2767.47212
1165.0      2745.39133
1166.0      2745.79377
1167.0      2688.26647
1168.0      2748.80011
1169.0      2786.75637
1170.0      2836.68539
1171.0      2798.87402
1172.0      2874.73135
1173.0      2870.45361
1174.0      2842.83521
1175.0      2749.20241
1176.0      2821.54693
1177.0      2841.75420
1178.0      2839.31354
1179.0      2802.71796
1180.0      2866.76711
1181.0      2893.86708
1182.0      2901.75213
1183.0      2868.92313
1184.0      2920.39726
1185.0      2897.06314
1186.0      2848.68691
1187.0      2739.17274
1188.0      2769.95966
1189.0      2750.63715
1190.0      2748.94299
1191.0      2711.58057
1192.0      2829.46577
1193.0      2859.89558
1194.0      2858.03653
1195.0      2789.69354
1196.0      2832.51067
1197.0      2815.70900
1198.0      2800.85823
1199.0      2753.85790
1200.0      2804.74496
1201.0      2810.79500
1202.0      2814.09435
1203.0      2779.89660
1204.0      2861.29482
1205.0      2875.47571
1206.0      2840.57914
1207.0      2720.73217
1208.0      2777.02057
1209.0      2783.42924
1210.0      2809.63926
1211.0      2748.27234
1212.0      2828.56663
1213.0      2825.45731
1214.0      2850.59017
1215.0      2818.67225
1216.0      2861.37018
1217.0      2820.52534
1218.0      2777.64320
1219.0      2700.09416
1220.0      2753.48016
1221.0      2771.13804
1222.0      2773.03479
1223.0      2729.12288
1224.0      2813.95641
1225.0      2860.22169
1226.0      2860.75495
1227.0      2789.18672
1228.0      2807.63005
1229.0      2777.53019
1230.0      2788.12017
1231.0      2726.67231
1232.0      2774.97720
1233.0      2764.44922
1234.0      2807.40417
1235.0      2789.26749
1236.0      2882.73621
1237.0      2888.89860
1238.0      2834.66120
1239.0      2713.33411
1240.0      2750.26325
1241.0      2757.70715
1242.0      2734.21858
1243.0      2670.25316
1244.0      2757.51859
1245.0      2804.71060
1246.0      2829.71860
1247.0      2774.05197
1248.0      2806.69155
1249.0      2780.03678
1250.0      2774.46983
1251.0      2703.26955
1252.0      2764.24111
1253.0      2770.89602
1254.0      2785.82369
1255.0      2728.47293
1256.0      2823.00357
1257.0      2843.60785
1258.0      2834.69791
1259.0      2756.83475
1260.0      2807.41532
1261.0      2812.32198
1262.0      2818.69262
1263.0      2771.58176
1264.0      2793.21664
1265.0      2764.83765
1266.0      2769.32555
1267.0      2740.36833
1268.0      2803.05451
1269.0      2798.83926
1270.0      2766.81208
1271.0      2699.00243
1272.0      2763.96403
1273.0      2749.64123
1274.0      2700.65202
1275.0      2609.07863
1276.0      2697.65595
1277.0      2725.23318
1278.0      2756.94376
1279.0      2711.80894
1280.0      2754.56495
1281.0      2738.65604
1282.0      2717.59989
1283.0      2651.07343
1284.0      2694.95381
1285.0      2737.52311
1286.0      2775.02673
1287.0      2730.01847
1288.0      2785.05730
1289.0      2824.79698
1290.0      2856.88747
1291.0      2785.73104
1292.0      2785.17846
1293.0      2746.74340
1294.0      2722.65496
1295.0      2653.73890
1296.0      2706.73471
1297.0      2727.67358
1298.0      2747.39879
1299.0      2706.60307
1300.0      2765.05748
1301.0      2772.49623
1302.0      2758.73247
1303.0      2689.42421
1304.0      2733.76855
1305.0      2720.99455
1306.0      2688.26804
1307.0      2638.41899
1308.0      2713.16972
1309.0      2745.59990
1310.0      2768.33141
1311.0      2735.16855
1312.0      2793.21076
1313.0      2774.83671
1314.0      2750.15124
1315.0      2653.23329
1316.0      2693.90768
1317.0      2684.72519
1318.0      2677.88945
1319.0      2614.80504
1320.0      2699.48557
1321.0      2723.20209
1322.0      2720.75121
1323.0      2637.20022
1324.0      2655.88504
1325.0      2630.39781
1326.0      2620.44906
1327.0      2589.10431
1328.0      2639.12672
1329.0      2657.22389
1330.0      2674.81948
1331.0      2665.74851
1332.0      2745.51012
1333.0      2738.14365
1334.0      2702.78488
1335.0      2612.94138
1336.0      2659.31966
1337.0      2642.72008
1338.0      2615.94411
1339.0      2555.91609
1340.0      2641.78227
1341.0      2690.92228
1342.0      2725.92953
1343.0      2686.47265
1344.0      2724.75281
1345.0      2697.70085
1346.0      2676.36671
1347.0      2612.40464
1348.0      2648.26722
1349.0      2638.72776
1350.0      2613.69254
1351.0      2573.27659
1352.0      2653.25648
1353.0      2676.16001
1354.0      2659.04752
1355.0      2589.64287
1356.0      2631.20580
1357.0      2604.72183
1358.0      2601.39344
1359.0      2530.23558
1360.0      2573.68817
1361.0      2565.15539
1362.0      2610.04974
1363.0      2603.08066
1364.0      2685.63099
1365.0      2689.91990
1366.0      2662.93585
1367.0      2578.90681
1368.0      2615.00617
1369.0      2600.57430
1370.0      2557.46613
1371.0      2490.03380
1372.0      2567.88831
1373.0      2641.42719
1374.0      2679.34214
1375.0      2625.91937
1376.0      2636.08265
1377.0      2610.81603
1378.0      2605.39591
1379.0      2519.10697
1380.0      2545.27261
1381.0      2510.11966
1382.0      2516.25092
1383.0      2508.27625
1384.0      2636.75186
1385.0      2669.56399
1386.0      2636.35632
1387.0      2551.46640
1388.0      2603.26657
1389.0      2595.97323
1390.0      2553.48119
1391.0      2469.48664
1392.0      2511.23153
1393.0      2539.91843
1394.0      2574.06640
1395.0      2565.61910
1396.0      2621.84244
1397.0      2617.09182
1398.0      2603.66400
1399.0      2526.54893
1400.0      2551.40665
1401.0      2516.35894
1402.0      2500.97139
1403.0      2447.28139
1404.0      2521.56051
1405.0      2545.42472
1406.0      2573.88339
1407.0      2531.64030
1408.0      2550.46467
1409.0      2497.82545
1410.0      2472.61395
1411.0      2421.74298
1412.0      2457.67914
1413.0      2460.12893
1414.0      2478.76763
1415.0      2468.48716
1416.0      2550.97324
1417.0      2570.88919
1418.0      2555.97720
1419.0      2479.44619
1420.0      2512.21543
1421.0      2482.40571
1422.0      2459.61766
1423.0      2397.81025
1424.0      2465.32163
1425.0      2478.11035
1426.0      2512.89978
1427.0      2488.64235
1428.0      2546.15739
1429.0      2535.96540
1430.0      2511.27179
1431.0      2418.66695
1432.0      2422.32307
1433.0      2409.67210
1434.0      2412.54227
1435.0      2382.82117
1436.0      2460.85254
1437.0      2494.21917
1438.0      2522.59524
1439.0      2502.08521
1440.0      2533.50151
1441.0      2469.77982
1442.0      2406.34949
1443.0      2323.62331
1444.0      2378.67564
1445.0      2388.56955
1446.0      2423.59821
1447.0      2396.87734
1448.0      2481.66741
1449.0      2505.01973
1450.0      2497.72428
1451.0      2401.78330
1452.0      2384.70437
1453.0      2341.47449
1454.0      2320.63896
1455.0      2289.04332
1456.0      2383.13586
1457.0      2437.17707
1458.0      2479.35080
1459.0      2453.59246
1460.0      2500.64026
1461.0      2461.56458
1462.0      2405.33874
1463.0      2309.41822
1464.0      2356.92302
1465.0      2360.89186
1466.0      2372.75487
1467.0      2336.98893
1468.0      2432.15077
1469.0      2447.71506
1470.0      2438.21317
1471.0      2370.59564
1472.0      2391.91630
1473.0      2349.96328
1474.0      2311.88000
1475.0      2268.73743
1476.0      2310.30527
1477.0      2323.02204
1478.0      2338.64450
1479.0      2342.06809
1480.0      2429.45072
1481.0      2446.11750
1482.0      2399.69338
1483.0      2292.86495
1484.0      2317.71282
1485.0      2306.79501
1486.0      2295.84803
1487.0      2237.84289
1488.0      2318.47295
1489.0      2363.90659
1490.0      2441.04965
1491.0      2405.21791
1492.0      2416.88921
1493.0      2349.09356
1494.0      2310.44544
1495.0      2244.13762
1496.0      2285.55862
1497.0      2295.44455
1498.0      2294.97177
1499.0      2281.56354
1500.0      2379.25534
1501.0      2411.73561
1502.0      2377.36852
1503.0      2278.60349
1504.0      2281.40498
1505.0      2253.87210
1506.0      2251.26930
1507.0      2202.93134
1508.0      2249.35853
1509.0      2244.48438
1510.0      2281.19975
1511.0      2254.74629
1512.0      2310.71304
1513.0      2281.37738
1514.0      2230.60411
1515.0      2152.02636
1516.0      2200.16888
1517.0      2211.04782
1518.0      2193.22226
1519.0      2163.58974
1520.0      2244.83666
1521.0      2282.68161
1522.0      2300.75314
1523.0      2271.09748
1524.0      2299.25629
1525.0      2254.85208
1526.0      2210.97944
1527.0      2123.01405
1528.0      2168.44822
1529.0      2174.83888
1530.0      2201.16159
1531.0      2168.62432
1532.0      2267.66366
1533.0      2283.82636
1534.0      2266.35437
1535.0      2187.04638
1536.0      2203.88158
1537.0      2176.18455
1538.0      2167.81917
1539.0      2137.02897
1540.0      2178.49111
1541.0      2189.64675
1542.0      2225.15050
1543.0      2225.23707
1544.0      2272.55348
1545.0      2251.54994
1546.0      2215.62157
1547.0      2135.05646
1548.0      2167.00366
1549.0      2138.96163
1550.0      2120.96643
1551.0      2085.66998
1552.0      2175.37871
1553.0      2198.83861
1554.0      2218.78167
1555.0      2170.90174
1556.0      2182.40443
1557.0      2137.47915
1558.0      2117.26241
1559.0      2061.93624
1560.0      2103.14542
1561.0      2120.24310
1562.0      2113.85692
1563.0      2083.40957
1564.0      2151.52741
1565.0      2171.32650
1566.0      2141.03317
1567.0      2073.41420
1568.0      2095.53940
1569.0      2062.37247
1570.0      2053.13603
1571.0      2016.96629
1572.0      2069.25288
1573.0      2074.01600
1574.0      2116.49822
1575.0      2099.92646
1576.0      2142.91205
1577.0      2111.95283
1578.0      2064.96334
1579.0      1986.91737
1580.0      2022.83436
1581.0      2038.35917
1582.0      2036.90823
1583.0      2005.56450
1584.0      2075.75287
1585.0      2107.62453
1586.0      2106.71041
1587.0      2041.73206
1588.0      2051.04949
1589.0      2026.29894
1590.0      2023.47631
1591.0      1970.54621
1592.0      2025.79034
1593.0      2036.92924
1594.0      2057.79836
1595.0      2005.85767
1596.0      2057.52744
1597.0      2055.95707
1598.0      2032.28839
1599.0      1966.18411
1600.0      1994.14461
1601.0      1998.69067
1602.0      1999.60097
1603.0      1954.47348
1604.0      1976.47823
1605.0      1993.66748
1606.0      2032.62867
1607.0      2019.36451
1608.0      2033.81253
1609.0      2000.13107
1610.0      1965.58458
1611.0      1908.46536
1612.0      1957.43526
1613.0      1954.33982
1614.0      1961.15612
1615.0      1915.40235
1616.0      1986.15069
1617.0      1988.01918
1618.0      1993.41433
1619.0      1948.23978
1620.0      1970.63131
1621.0      1948.72787
1622.0      1940.30695
1623.0      1906.48732
1624.0      1921.74063
1625.0      1917.71549
1626.0      1927.32820
1627.0      1916.49576
1628.0      1948.41299
1629.0      1937.03789
1630.0      1917.25990
1631.0      1880.29236
1632.0      1939.44317
1633.0      1948.96602
1634.0      1955.40897
1635.0      1901.73945
1636.0      1945.44253
1637.0      1950.33868
1638.0      1975.41201
1639.0      1944.34358
1640.0      1983.75820
1641.0      1984.18765
1642.0      1972.98526
1643.0      1907.70729
1644.0      1914.20363
1645.0      1889.71807
1646.0      1859.05536
1647.0      1824.12911
1648.0      1888.21190
1649.0      1909.40719
1650.0      1900.16723
1651.0      1863.96059
1652.0      1904.45429
1653.0      1908.75350
1654.0      1907.52742
1655.0      1849.52547
1656.0      1878.74931
1657.0      1873.02848
1658.0      1898.52786
1659.0      1856.63495
1660.0      1896.88129
1661.0      1885.08863
1662.0      1876.51570
1663.0      1830.16138
1664.0      1857.99897
1665.0      1838.32607
1666.0      1806.38026
1667.0      1772.90802
1668.0      1829.30186
1669.0      1831.50470
1670.0      1818.77727
1671.0      1769.41128
1672.0      1791.52135
1673.0      1782.64864
1674.0      1784.71503
1675.0      1729.80537
1676.0      1769.88324
1677.0      1759.00924
1678.0      1764.70758
1679.0      1692.05871
1680.0      1737.02522
1681.0      1735.17513
1682.0      1772.43454
1683.0      1775.21438
1684.0      1814.90020
1685.0      1782.22258
1686.0      1756.83724
1687.0      1720.68000
1688.0      1724.06078
1689.0      1686.09056
1690.0      1673.79735
1691.0      1655.13042
1692.0      1719.24254
1693.0      1755.30326
1694.0      1767.48528
1695.0      1692.22736
1696.0      1703.25746
1697.0      1672.70174
1698.0      1678.94745
1699.0      1616.80396
1700.0      1650.28531
1701.0      1626.93667
1702.0      1669.41236
1703.0      1671.56261
1704.0      1728.71371
1705.0      1733.74659
1706.0      1732.16927
1707.0      1662.00849
1708.0      1670.47362
1709.0      1679.41008
1710.0      1667.37100
1711.0      1607.62472
1712.0      1644.71641
1713.0      1672.48917
1714.0      1695.78575
1715.0      1680.17503
1716.0      1723.54340
1717.0      1687.45662
1718.0      1674.14848
1719.0      1626.50707
1720.0      1651.84279
1721.0      1617.59559
1722.0      1635.11170
1723.0      1627.16045
1724.0      1705.61654
1725.0      1733.66319
1726.0      1741.08796
1727.0      1700.10617
1728.0      1736.42852
1729.0      1731.54753
1730.0      1701.99504
1731.0      1645.81378
1732.0      1663.55848
1733.0      1676.29357
1734.0      1724.77742
1735.0      1741.40408
1736.0      1781.43089
1737.0      1756.11555
1738.0      1744.49032
1739.0      1691.17404
1740.0      1725.06322
1741.0      1700.23067
1742.0      1695.35035
1743.0      1665.34592
1744.0      1760.01008
1745.0      1796.61311
1746.0      1812.29139
1747.0      1768.22780
1748.0      1777.90962
1749.0      1755.41912
1750.0      1759.04858
1751.0      1731.51735
1752.0      1731.57546
1753.0      1712.72595
1754.0      1732.25485
1755.0      1746.75352
1756.0      1806.57507
1757.0      1811.54106
1758.0      1796.79596
1759.0      1747.18727
1760.0      1786.42546
1761.0      1751.20894
1762.0      1721.30888
1763.0      1659.37431
1764.0      1712.94544
1765.0      1726.68146
1766.0      1774.89180
1767.0      1768.90907
1768.0      1811.15117
1769.0      1817.85347
1770.0      1827.10100
1771.0      1761.59961
1772.0      1738.45692
1773.0      1712.57527
1774.0      1707.00709
1775.0      1705.57801
1776.0      1774.37995
1777.0      1808.78988
1778.0      1807.30826
1779.0      1758.84677
1780.0      1774.87255
1781.0      1746.39653
1782.0      1730.60931
1783.0      1670.00088
1784.0      1695.96469
1785.0      1690.10005
1786.0      1708.48540
1787.0      1697.55715
1788.0      1751.85125
1789.0      1753.75323
1790.0      1734.69719
1791.0      1689.74395
1792.0      1710.82926
1793.0      1698.18262
1794.0      1670.59955
1795.0      1656.40277
1796.0      1700.31988
1797.0      1723.64781
1798.0      1730.28976
1799.0      1712.54121
1800.0      1742.68845
1801.0      1720.76869
1802.0      1697.21957
1803.0      1624.42708
1804.0      1653.23610
1805.0      1636.86281
1806.0      1646.54146
1807.0      1619.46205
1808.0      1692.79390
1809.0      1709.87750
1810.0      1722.73706
1811.0      1682.60247
1812.0      1689.15195
1813.0      1648.00565
1814.0      1617.44219
1815.0      1579.81556
1816.0      1603.86921
1817.0      1619.21778
1818.0      1644.85529
1819.0      1641.78756
1820.0      1688.62752
1821.0      1709.24884
1822.0      1704.63616
1823.0      1628.52783
1824.0      1623.09936
1825.0      1596.11246
1826.0      1595.45815
1827.0      1547.11531
1828.0      1598.95415
1829.0      1624.96363
1830.0      1663.48890
1831.0      1651.38364
1832.0      1672.45605
1833.0      1649.40300
1834.0      1607.07854
1835.0      1553.17313
1836.0      1563.97634
1837.0      1569.25792
1838.0      1566.25753
1839.0      1549.19439
1840.0      1613.17930
1841.0      1649.89823
1842.0      1658.73065
1843.0      1600.89972
1844.0      1606.49840
1845.0      1566.45689
1846.0      1548.84215
1847.0      1506.18125
1848.0      1555.66187
1849.0      1556.27439
1850.0      1582.15688
1851.0      1585.74083
1852.0      1636.71254
1853.0      1627.45652
1854.0      1592.46873
1855.0      1529.20888
1856.0      1525.70061
1857.0      1516.49143
1858.0      1502.23947
1859.0      1489.40876
1860.0      1548.29675
1861.0      1582.48683
1862.0      1594.18442
1863.0      1568.53301
1864.0      1585.92605
1865.0      1555.06333
1866.0      1533.62710
1867.0      1474.12175
1868.0      1493.96083
1869.0      1486.87935
1870.0      1523.86096
1871.0      1524.19715
1872.0      1582.57273
1873.0      1578.68477
1874.0      1554.74529
1875.0      1500.38365
1876.0      1513.45553
1877.0      1500.52258
1878.0      1465.24606
1879.0      1431.37534
1880.0      1473.93345
1881.0      1510.94811
1882.0      1546.47345
1883.0      1540.85510
1884.0      1558.49749
1885.0      1523.13740
1886.0      1500.99091
1887.0      1443.23047
1888.0      1455.44723
1889.0      1435.68014
1890.0      1441.43141
1891.0      1428.31142
1892.0      1508.76493
1893.0      1545.78634
1894.0      1564.65549
1895.0      1531.28114
1896.0      1529.68531
1897.0      1494.94335
1898.0      1455.80640
1899.0      1408.73603
1900.0      1418.83308
1901.0      1444.30157
1902.0      1489.62378
1903.0      1486.15657
1904.0      1519.49701
1905.0      1512.20770
1906.0      1501.94154
1907.0      1440.23973
1908.0      1448.81882
1909.0      1419.72626
1910.0      1405.84641
1911.0      1374.65532
1912.0      1437.04776
1913.0      1457.41601
1914.0      1482.32134
1915.0      1458.64469
1916.0      1487.01578
1917.0      1480.42076
1918.0      1453.82727
1919.0      1395.80156
1920.0      1398.93829
1921.0      1408.81323
1922.0      1412.72477
1923.0      1400.63169
1924.0      1457.40869
1925.0      1478.97624
1926.0      1477.94464
1927.0      1431.07852
1928.0      1428.53426
1929.0      1386.25152
1930.0      1379.99242
1931.0      1359.80113
1932.0      1396.39539
1933.0      1399.82790
1934.0      1430.68038
1935.0      1425.58486
1936.0      1473.00913
1937.0      1472.01737
1938.0      1446.25147
1939.0      1380.73327
1940.0      1381.67718
1941.0      1374.38964
1942.0      1370.62875
1943.0      1363.80960
1944.0      1400.60008
1945.0      1422.03374
1946.0      1448.28236
1947.0      1441.05294
1948.0      1456.70114
1949.0      1418.28956
1950.0      1393.68869
1951.0      1336.36375
1952.0      1371.01061
1953.0      1367.73746
1954.0      1377.72062
1955.0      1357.59564
1956.0      1420.45346
1957.0      1433.73484
1958.0      1429.96402
1959.0      1381.11121
1960.0      1368.96461
1961.0      1331.39549
1962.0      1323.82910
1963.0      1317.69487
1964.0      1343.09055
1965.0      1352.71536
1966.0      1379.85781
1967.0      1382.03347
1968.0      1421.06818
1969.0      1417.05710
1970.0      1392.42197
1971.0      1317.76149
1972.0      1328.74234
1973.0      1327.71441
1974.0      1352.42560
1975.0      1331.89086
1976.0      1364.65583
1977.0      1363.01892
1978.0      1395.46166
1979.0      1382.29276
1980.0      1384.39455
1981.0      1351.16816
1982.0      1330.63512
1983.0      1298.25600
1984.0      1320.51267
1985.0      1332.93242
1986.0      1329.24944
1987.0      1310.77808
1988.0      1363.93172
1989.0      1383.82129
1990.0      1373.49591
1991.0      1309.95308
1992.0      1301.72436
1993.0      1265.18727
1994.0      1278.09922
1995.0      1254.62920
1996.0      1287.72882
1997.0      1281.26218
1998.0      1318.71011
1999.0      1325.34441
2000.0      1371.78955
2001.0      1361.97519
2002.0      1330.98497
2003.0      1289.93742
2004.0      1312.82948
2005.0      1308.65875
2006.0      1291.46995
2007.0      1280.44564
2008.0      1323.33919
2009.0      1337.86485
2010.0      1345.21870
2011.0      1316.53207
2012.0      1312.19414
2013.0      1276.72489
2014.0      1284.23721
2015.0      1243.39973
2016.0      1266.20941
2017.0      1248.73473
2018.0      1264.67271
2019.0      1246.98103
2020.0      1294.08723
2021.0      1297.34798
2022.0      1286.58966
2023.0      1246.93061
2024.0      1259.19408
2025.0      1252.44367
2026.0      1249.30097
2027.0      1223.85102
2028.0      1239.31441
2029.0      1249.00390
2030.0      1269.06248
2031.0      1251.51390
2032.0      1256.75498
2033.0      1235.01775
2034.0      1227.86813
2035.0      1188.39342
2036.0      1227.15941
2037.0      1226.82440
2038.0      1238.49974
2039.0      1207.11481
2040.0      1248.91445
2041.0      1251.28179
2042.0      1260.66225
2043.0      1228.85341
2044.0      1227.72750
2045.0      1205.26961
2046.0      1194.81521
2047.0      1173.44767
2048.0      1197.66942
2049.0      1223.06723
2050.0      1239.74086
2051.0      1224.53908
2052.0      1253.25717
2053.0      1253.71784
2054.0      1241.18784
2055.0      1204.18533
2056.0      1227.09009
2057.0      1200.60141
2058.0      1193.50951
2059.0      1172.77776
2060.0      1215.63639
2061.0      1207.44260
2062.0      1217.66156
2063.0      1192.44985
2064.0      1200.82372
2065.0      1183.92733
2066.0      1170.65490
2067.0      1143.41138
2068.0      1161.41216
2069.0      1169.74647
2070.0      1174.07951
2071.0      1160.53461
2072.0      1191.43977
2073.0      1194.12116
2074.0      1200.20489
2075.0      1181.92876
2076.0      1191.81707
2077.0      1162.15075
2078.0      1159.82147
2079.0      1131.33694
2080.0      1162.47928
2081.0      1152.37162
2082.0      1165.43532
2083.0      1142.09670
2084.0      1180.47542
2085.0      1188.47047
2086.0      1179.37134
2087.0      1134.64950
2088.0      1139.44649
2089.0      1132.86920
2090.0      1133.04349
2091.0      1114.98818
2092.0      1134.47844
2093.0      1133.94502
2094.0      1151.60882
2095.0      1146.69091
2096.0      1162.95514
2097.0      1139.24174
2098.0      1132.35121
2099.0      1096.01089
2100.0      1126.15879
2101.0      1128.25114
2102.0      1137.67435
2103.0      1104.78442
2104.0      1137.18071
2105.0      1141.22603
2106.0      1129.09565
2107.0      1083.87436
2108.0      1104.98245
2109.0      1110.49884
2110.0      1108.33815
2111.0      1094.66475
2112.0      1131.81873
2113.0      1145.58771
2114.0      1151.22401
2115.0      1130.32144
2116.0      1135.69679
2117.0      1104.62758
2118.0      1098.49194
2119.0      1058.33561
2120.0      1076.79296
2121.0      1077.72082
2122.0      1113.40328
2123.0      1102.85257
2124.0      1131.86973
2125.0      1128.27028
2126.0      1117.11906
2127.0      1058.10471
2128.0      1053.90803
2129.0      1039.15006
2130.0      1030.86647
2131.0      1025.09507
2132.0      1079.24115
2133.0      1101.72666
2134.0      1101.14916
2135.0      1074.24157
2136.0      1084.87434
2137.0      1051.18349
2138.0      1045.21046
2139.0      1013.92660
2140.0      1050.66605
2141.0      1052.25489
2142.0      1077.99726
2143.0      1053.61426
2144.0      1081.57895
2145.0      1076.94402
2146.0      1063.13023
2147.0      1009.63312
2148.0      1019.84147
2149.0      1008.45967
2150.0      999.34738
2151.0      999.26595
2152.0      1068.81181
2153.0      1105.30644
2154.0      1116.34571
2155.0      1091.53016
2156.0      1102.72760
2157.0      1067.52661
2158.0      1048.55747
2159.0      1005.34785
2160.0      1027.65608
2161.0      1018.42142
2162.0      1050.14434
2163.0      1053.67206
2164.0      1090.80963
2165.0      1079.07066
2166.0      1065.72685
2167.0      1023.44906
2168.0      1018.98857
2169.0      997.39086
2170.0      987.10279
2171.0      983.21098
2172.0      1029.29764
2173.0      1048.91539
2174.0      1061.45755
2175.0      1042.78801
2176.0      1057.85922
2177.0      1033.66514
2178.0      1018.83882
2179.0      969.08082
2180.0      991.41663
2181.0      991.17228
2182.0      1013.21180
2183.0      990.88774
2184.0      1030.31691
2185.0      1036.29888
2186.0      1040.76592
2187.0      1009.06690
2188.0      1007.67646
2189.0      981.02669
2190.0      957.88261
2191.0      946.32503
2192.0      976.00878
2193.0      990.78664
2194.0      997.83158
2195.0      991.32567
2196.0      1028.55564
2197.0      1039.48677
2198.0      1030.31784
2199.0      967.71706
2200.0      971.37024
2201.0      962.06246
2202.0      982.44886
2203.0      961.10959
2204.0      1001.59401
2205.0      1005.69983
2206.0      1038.76465
2207.0      1028.93376
2208.0      1036.50423
2209.0      995.49032
2210.0      966.37171
2211.0      934.05548
2212.0      951.99107
2213.0      963.11813
2214.0      958.20750
2215.0      937.52512
2216.0      967.88565
2217.0      984.31455
2218.0      988.43569
2219.0      954.49289
2220.0      958.20629
2221.0      925.29005
2222.0      931.04007
2223.0      904.87575
2224.0      925.35258
2225.0      908.30771
2226.0      934.92496
2227.0      935.98248
2228.0      990.66423
2229.0      997.40939
2230.0      971.40286
2231.0      908.61613
2232.0      909.66037
2233.0      922.51413
2234.0      927.11593
2235.0      916.29530
2236.0      937.25661
2237.0      947.09577
2238.0      969.89223
2239.0      958.21437
2240.0      958.28057
2241.0      917.45822
2242.0      907.89091
2243.0      879.11067
2244.0      916.43862
2245.0      906.42555
2246.0      907.63502
2247.0      879.71584
2248.0      935.63273
2249.0      944.48577
2250.0      946.55050
2251.0      912.94251
2252.0      912.97837
2253.0      904.80278
2254.0      916.40543
2255.0      915.48634
2256.0      912.04715
2257.0      904.11736
2258.0      917.01870
2259.0      903.34615
2260.0      916.67475
2261.0      914.73667
2262.0      921.22061
2263.0      892.63353
2264.0      919.53868
2265.0      907.94214
2266.0      906.66693
2267.0      868.66004
2268.0      901.34468
2269.0      896.33345
2270.0      917.05232
2271.0      891.85700
2272.0      906.72330
2273.0      895.64401
2274.0      888.00525
2275.0      849.69360
2276.0      854.06828
2277.0      872.55183
2278.0      880.89973
2279.0      866.84057
2280.0      893.19943
2281.0      898.12974
2282.0      889.86507
2283.0      858.11210
2284.0      882.57891
2285.0      865.71296
2286.0      875.20123
2287.0      849.96181
2288.0      881.55412
2289.0      866.73092
2290.0      863.59115
2291.0      821.65914
2292.0      848.02385
2293.0      850.62795
2294.0      846.99533
2295.0      817.46404
2296.0      841.37643
2297.0      840.47099
2298.0      840.05787
2299.0      833.11505
2300.0      849.00157
2301.0      837.34011
2302.0      841.55495
2303.0      840.72128
2304.0      870.91356
2305.0      867.89486
2306.0      870.57089
2307.0      821.22175
2308.0      834.58675
2309.0      821.42288
2310.0      829.99506
2311.0      801.69523
2312.0      843.54657
2313.0      851.26145
2314.0      862.50599
2315.0      843.28817
2316.0      858.23481
2317.0      843.83297
2318.0      840.47735
2319.0      819.55156
2320.0      825.81995
2321.0      818.65180
2322.0      814.24070
2323.0      795.97785
2324.0      826.00204
2325.0      843.88578
2326.0      849.35268
2327.0      822.42249
2328.0      865.49193
2329.0      858.91638
2330.0      861.19612
2331.0      810.76937
2332.0      823.43325
2333.0      795.84249
2334.0      809.93494
2335.0      802.87489
2336.0      833.02057
2337.0      836.71804
2338.0      831.98583
2339.0      809.28897
2340.0      835.67356
2341.0      847.23574
2342.0      825.88251
2343.0      783.99614
2344.0      789.32886
2345.0      799.30809
2346.0      813.29197
2347.0      809.54211
2348.0      824.99475
2349.0      806.23539
2350.0      810.58324
2351.0      770.98493
2352.0      794.22618
2353.0      781.45373
2354.0      793.55344
2355.0      763.05262
2356.0      808.37675
2357.0      821.30616
2358.0      822.34773
2359.0      788.82682
2360.0      801.15353
2361.0      782.13159
2362.0      768.75403
2363.0      754.73571
2364.0      775.39408
2365.0      776.79408
2366.0      773.47156
2367.0      754.40163
2368.0      780.46938
2369.0      793.77434
2370.0      807.59276
2371.0      768.25492
2372.0      789.64547
2373.0      764.16412
2374.0      754.73064
2375.0      711.33616
2376.0      743.93618
2377.0      737.20136
2378.0      755.20575
2379.0      753.67160
2380.0      792.38833
2381.0      790.58402
2382.0      785.62130
2383.0      746.17857
2384.0      738.92047
2385.0      739.40230
2386.0      743.55939
2387.0      730.47223
2388.0      763.07578
2389.0      785.69316
2390.0      796.04502
2391.0      768.27540
2392.0      796.56978
2393.0      771.33050
2394.0      751.16837
2395.0      696.77177
2396.0      720.75220
2397.0      709.29958
2398.0      721.29983
2399.0      708.51453
2400.0      755.17365
2401.0      775.82009
2402.0      764.98478
2403.0      718.72796
2404.0      743.30584
2405.0      768.16770
2406.0      747.82104
2407.0      701.60708
2408.0      713.81374
2409.0      722.02848
2410.0      733.32858
2411.0      739.23111
2412.0      775.97411
2413.0      756.99686
2414.0      755.59774
2415.0      713.55712
2416.0      738.36091
2417.0      713.38973
2418.0      704.21068
2419.0      659.60100
2420.0      707.54832
2421.0      741.84821
2422.0      760.87625
2423.0      744.20686
2424.0      757.06358
2425.0      737.26580
2426.0      709.38537
2427.0      674.86517
2428.0      675.61843
2429.0      677.73441
2430.0      714.59122
2431.0      736.60493
2432.0      765.32919
2433.0      748.35360
2434.0      737.80722
2435.0      693.83511
2436.0      716.16972
2437.0      701.91511
2438.0      686.82465
2439.0      639.73754
2440.0      679.36637
2441.0      696.31471
2442.0      728.87170
2443.0      719.00615
2444.0      742.59548
2445.0      734.54083
2446.0      730.63498
2447.0      698.40085
2448.0      696.71366
2449.0      692.78301
2450.0      676.72661
2451.0      652.12716
2452.0      697.17577
2453.0      726.12823
2454.0      738.19303
2455.0      715.69938
2456.0      757.15308
2457.0      745.14563
2458.0      724.38904
2459.0      657.38863
2460.0      649.58086
2461.0      629.29850
2462.0      667.44314
2463.0      678.25745
2464.0      727.35907
2465.0      740.16568
2466.0      742.25151
2467.0      695.36143
2468.0      684.20281
2469.0      670.04566
2470.0      636.24034
2471.0      606.12481
2472.0      652.49477
2473.0      686.92273
2474.0      702.42571
2475.0      691.99403
2476.0      725.16879
2477.0      703.99728
2478.0      687.30005
2479.0      636.87535
2480.0      656.73829
2481.0      648.74621
2482.0      660.31721
2483.0      634.72664
2484.0      687.36769
2485.0      709.50907
2486.0      707.85905
2487.0      670.46155
2488.0      683.17005
2489.0      668.24260
2490.0      637.96582
2491.0      612.16239
2492.0      627.43463
2493.0      632.20269
2494.0      646.69601
2495.0      661.90935
2496.0      698.78215
2497.0      700.60945
2498.0      693.51690
2499.0      640.61241
2500.0      658.20795
