800.0      179655075.59705
801.0      36908163.68892
802.0      -12929559.02571
803.0      423.53702
804.0      190.27092
805.0      62.18397
806.0      105.03296
807.0      165.95215
808.0      312.29112
809.0      342.74378
810.0      375.53219
811.0      318.60952
812.0      561.79114
813.0      539.64542
814.0      500.58171
815.0      182.05977
816.0      62.39447
817.0      157.84186
818.0      400.57077
819.0      373.43669
820.0      179.46446
821.0      178.33215
822.0      477.22410
823.0      539.81156
824.0      347.85289
825.0      117.02698
826.0      66.60046
827.0      187.19787
828.0      153.06969
829.0      201.76653
830.0      137.74329
831.0      275.74415
832.0      544.88692
833.0      593.04199
834.0      281.82052
835.0      129.82528
836.0      167.19174
837.0      243.23603
838.0      109.02295
839.0      151.56094
840.0      108.39892
841.0      194.70016
842.0      432.01910
843.0      524.05545
844.0      389.08734
845.0      212.60020
846.0      197.09571
847.0      159.08453
848.0      63.31397
849.0      164.36785
850.0      190.32430
851.0      202.01475
852.0      280.24781
853.0      348.40156
854.0      423.20449
855.0      340.76911
856.0      273.52095
857.0      117.29399
858.0      95.27382
859.0      149.96352
860.0      153.15290
861.0      142.02747
862.0      158.09253
863.0      200.80568
864.0      331.11662
865.0      342.07755
866.0      228.90383
867.0      104.26436
868.0      128.67562
869.0      164.80391
870.0      92.99782
871.0      76.26094
872.0      46.94734
873.0      170.39731
874.0      376.20974
875.0      408.49880
876.0      271.53102
877.0      201.25920
878.0      222.18865
879.0      167.72163
880.0      136.75244
881.0      100.72519
882.0      23.41490
883.0      108.88373
884.0      337.31977
885.0      428.44455
886.0      278.83090
887.0      212.26321
888.0      202.62063
889.0      155.63724
890.0      97.95961
891.0      100.40490
892.0      69.89275
893.0      110.92770
894.0      247.41519
895.0      309.33315
896.0      329.38324
897.0      317.65474
898.0      208.83548
899.0      105.32788
900.0      172.23789
901.0      196.94488
902.0      98.70449
903.0      98.31225
904.0      234.29674
905.0      304.54973
906.0      344.27103
907.0      335.11950
908.0      238.41751
909.0      158.96093
910.0      182.79009
911.0      161.26298
912.0      108.20447
913.0      108.45265
914.0      170.01360
915.0      204.43549
916.0      334.31301
917.0      336.03437
918.0      258.74569
919.0      196.29749
920.0      235.88948
921.0      174.79056
922.0      134.98133
923.0      129.46019
924.0      117.17958
925.0      153.60913
926.0      289.06744
927.0      337.86820
928.0      292.70776
929.0      285.86530
930.0      276.78731
931.0      201.75206
932.0      177.16632
933.0      158.46380
934.0      112.65310
935.0      133.24814
936.0      284.52583
937.0      334.12997
938.0      340.33618
939.0      282.23346
940.0      262.22333
941.0      207.82626
942.0      240.53527
943.0      185.82668
944.0      153.38881
945.0      187.87329
946.0      268.81536
947.0      278.67416
948.0      330.36827
949.0      374.40142
950.0      293.61638
951.0      204.19102
952.0      250.11789
953.0      247.46359
954.0      192.39983
955.0      163.47562
956.0      245.21466
957.0      273.88210
958.0      327.08767
959.0      299.74669
960.0      277.66433
961.0      277.68910
962.0      291.56471
963.0      230.45205
964.0      223.32879
965.0      222.36670
966.0      202.73218
967.0      207.61181
968.0      333.43234
969.0      380.12380
970.0      328.87944
971.0      298.88119
972.0      316.58928
973.0      281.30546
974.0      238.41966
975.0      216.06294
976.0      228.85473
977.0      252.88312
978.0      344.94120
979.0      354.15904
980.0      390.23353
981.0      360.23838
982.0      305.91704
983.0      239.77414
984.0      289.40987
985.0      283.68763
986.0      226.07658
987.0      229.67811
988.0      327.33071
989.0      357.40361
990.0      375.70587
991.0      357.02361
992.0      337.71560
993.0      298.21366
994.0      309.60829
995.0      276.63850
996.0      269.54648
997.0      276.86962
998.0      308.55223
999.0      308.84808
1000.0      391.98974
1001.0      414.07211
1002.0      375.50594
1003.0      306.88079
1004.0      345.62751
1005.0      325.62893
1006.0      297.23572
1007.0      246.92918
1008.0      263.77901
1009.0      302.07395
1010.0      379.17799
1011.0      382.96707
1012.0      359.63596
1013.0      354.84811
1014.0      339.04079
1015.0      273.15973
1016.0      281.30618
1017.0      299.85529
1018.0      299.06624
1019.0      291.06381
1020.0      404.16570
1021.0      439.00338
1022.0      405.50934
1023.0      338.05351
1024.0      344.86747
1025.0      336.65596
1026.0      322.17307
1027.0      278.19380
1028.0      295.34592
1029.0      329.66285
1030.0      378.12365
1031.0      371.77037
1032.0      441.44105
1033.0      450.23033
1034.0      382.21827
1035.0      311.52497
1036.0      362.16571
1037.0      366.42688
1038.0      318.01802
1039.0      297.91677
1040.0      368.80812
1041.0      393.74516
1042.0      430.03796
1043.0      411.37929
1044.0      413.88446
1045.0      390.72398
1046.0      389.68802
1047.0      333.77790
1048.0      344.28951
1049.0      347.73991
1050.0      349.88664
1051.0      348.33759
1052.0      439.88469
1053.0      467.63737
1054.0      431.02998
1055.0      382.27158
1056.0      400.15233
1057.0      371.84198
1058.0      350.50579
1059.0      323.47160
1060.0      347.46291
1061.0      384.44162
1062.0      453.41986
1063.0      453.67622
1064.0      459.15707
1065.0      442.60586
1066.0      408.97886
1067.0      343.41119
1068.0      379.18319
1069.0      383.07978
1070.0      370.77821
1071.0      363.57712
1072.0      442.24275
1073.0      465.05901
1074.0      476.37684
1075.0      447.57800
1076.0      430.62925
1077.0      405.42232
1078.0      415.39766
1079.0      374.41102
1080.0      373.42449
1081.0      387.97658
1082.0      426.44169
1083.0      424.14243
1084.0      499.80809
1085.0      520.72700
1086.0      476.61363
1087.0      407.45493
1088.0      453.23955
1089.0      443.09930
1090.0      414.56602
1091.0      374.29748
1092.0      432.98213
1093.0      468.29244
1094.0      517.48911
1095.0      503.15437
1096.0      513.21743
1097.0      504.32184
1098.0      472.85211
1099.0      409.33226
1100.0      438.90177
1101.0      459.37631
1102.0      436.58267
1103.0      423.22145
1104.0      524.63704
1105.0      556.95075
1106.0      527.35611
1107.0      483.46077
1108.0      505.73967
1109.0      475.02742
1110.0      442.88647
1111.0      398.86344
1112.0      426.98598
1113.0      459.20908
1114.0      511.86759
1115.0      504.47307
1116.0      545.82220
1117.0      538.01582
1118.0      487.17912
1119.0      427.29357
1120.0      464.24589
1121.0      460.42062
1122.0      423.95839
1123.0      424.04977
1124.0      496.88501
1125.0      521.49145
1126.0      542.88317
1127.0      522.15053
1128.0      524.01488
1129.0      500.18038
1130.0      506.78670
1131.0      440.44680
1132.0      457.01268
1133.0      472.78724
1134.0      507.76512
1135.0      490.88332
1136.0      565.94872
1137.0      594.12686
1138.0      557.48357
1139.0      495.72278
1140.0      498.21012
1141.0      493.53812
1142.0      468.32156
1143.0      440.87645
1144.0      462.83747
1145.0      501.59599
1146.0      551.89976
1147.0      538.45930
1148.0      565.28275
1149.0      571.23069
1150.0      549.77660
1151.0      472.16096
1152.0      507.16400
1153.0      516.53814
1154.0      507.25941
1155.0      486.00750
1156.0      588.52791
1157.0      609.23758
1158.0      598.42111
1159.0      547.60174
1160.0      558.62320
1161.0      556.97291
1162.0      536.59864
1163.0      488.49400
1164.0      496.59397
1165.0      542.92188
1166.0      570.00403
1167.0      549.00002
1168.0      614.42063
1169.0      617.38920
1170.0      578.33192
1171.0      500.62410
1172.0      554.15381
1173.0      539.35116
1174.0      508.34266
1175.0      462.51378
1176.0      521.21012
1177.0      554.37814
1178.0      582.98078
1179.0      572.70770
1180.0      595.85784
1181.0      595.11146
1182.0      561.40177
1183.0      506.73638
1184.0      523.64721
1185.0      546.09363
1186.0      545.59819
1187.0      553.64984
1188.0      641.01540
1189.0      655.00606
1190.0      630.16187
1191.0      581.67653
1192.0      611.05498
1193.0      567.09972
1194.0      536.06799
1195.0      483.56672
1196.0      531.73715
1197.0      565.97644
1198.0      608.31335
1199.0      595.57509
1200.0      632.02409
1201.0      626.95332
1202.0      580.50663
1203.0      528.32198
1204.0      548.13021
1205.0      551.24684
1206.0      534.52652
1207.0      532.05190
1208.0      605.76131
1209.0      640.69498
1210.0      656.27317
1211.0      594.68981
1212.0      599.77586
1213.0      584.47065
1214.0      594.52808
1215.0      524.99765
1216.0      560.36052
1217.0      577.86896
1218.0      597.77957
1219.0      569.96658
1220.0      643.34408
1221.0      667.17846
1222.0      625.51999
1223.0      567.49374
1224.0      586.01328
1225.0      591.17534
1226.0      557.77288
1227.0      517.60723
1228.0      556.56457
1229.0      605.09180
1230.0      644.00893
1231.0      607.52198
1232.0      647.68555
1233.0      642.90654
1234.0      621.66620
1235.0      539.98554
1236.0      586.44663
1237.0      574.47384
1238.0      573.77041
1239.0      574.35005
1240.0      678.65898
1241.0      693.20508
1242.0      675.49880
1243.0      623.34252
1244.0      631.55096
1245.0      623.82083
1246.0      594.16587
1247.0      537.60007
1248.0      563.48978
1249.0      607.62760
1250.0      631.32314
1251.0      613.38978
1252.0      687.45459
1253.0      699.26063
1254.0      664.15862
1255.0      579.95615
1256.0      630.70259
1257.0      612.30303
1258.0      607.49516
1259.0      568.66413
1260.0      634.52073
1261.0      661.51011
1262.0      694.40697
1263.0      671.53841
1264.0      665.87303
1265.0      660.54522
1266.0      630.65250
1267.0      592.15848
1268.0      623.40498
1269.0      641.01407
1270.0      628.40417
1271.0      616.28799
1272.0      707.32871
1273.0      721.44900
1274.0      696.33064
1275.0      630.79439
1276.0      655.50802
1277.0      631.98535
1278.0      622.36898
1279.0      567.99679
1280.0      614.73698
1281.0      647.04214
1282.0      683.73694
1283.0      645.20846
1284.0      684.34023
1285.0      689.46072
1286.0      647.19906
1287.0      585.48595
1288.0      619.69868
1289.0      636.77585
1290.0      619.81098
1291.0      612.55318
1292.0      695.24566
1293.0      736.20121
1294.0      753.46024
1295.0      691.41919
1296.0      701.84208
1297.0      677.50870
1298.0      677.47511
1299.0      599.15049
1300.0      642.93320
1301.0      663.82067
1302.0      672.62311
1303.0      632.76442
1304.0      707.13135
1305.0      730.12674
1306.0      688.58112
1307.0      642.24281
1308.0      681.32680
1309.0      680.05549
1310.0      640.27675
1311.0      598.63251
1312.0      637.93425
1313.0      671.91947
1314.0      709.49825
1315.0      686.87510
1316.0      743.43046
1317.0      745.22759
1318.0      715.00551
1319.0      617.54904
1320.0      651.59183
1321.0      645.54745
1322.0      635.47895
1323.0      628.83829
1324.0      731.00149
1325.0      756.31185
1326.0      733.61716
1327.0      682.10810
1328.0      684.99326
1329.0      671.99603
1330.0      653.18058
1331.0      603.68229
1332.0      629.53503
1333.0      667.42165
1334.0      709.75751
1335.0      684.21853
1336.0      750.23775
1337.0      744.59889
1338.0      702.58883
1339.0      616.23215
1340.0      667.10582
1341.0      660.74026
1342.0      661.89266
1343.0      633.85991
1344.0      699.91582
1345.0      718.84452
1346.0      739.21228
1347.0      699.41227
1348.0      704.08606
1349.0      696.66412
1350.0      667.06320
1351.0      615.43593
1352.0      648.65412
1353.0      664.97673
1354.0      648.43363
1355.0      615.48442
1356.0      699.02603
1357.0      720.54937
1358.0      705.34956
1359.0      639.18363
1360.0      663.86593
1361.0      642.04411
1362.0      613.23229
1363.0      557.65336
1364.0      605.02822
1365.0      660.80305
1366.0      703.46882
1367.0      678.65530
1368.0      725.61797
1369.0      728.72847
1370.0      684.89358
1371.0      617.27736
1372.0      657.33920
1373.0      656.40185
1374.0      628.71000
1375.0      614.34144
1376.0      698.04508
1377.0      727.27807
1378.0      719.93055
1379.0      664.61464
1380.0      687.97095
1381.0      679.87327
1382.0      661.95916
1383.0      588.66193
1384.0      634.79057
1385.0      659.79106
1386.0      668.88592
1387.0      636.58368
1388.0      710.90027
1389.0      729.33251
1390.0      684.49156
1391.0      629.96687
1392.0      654.20451
1393.0      656.11167
1394.0      628.34182
1395.0      605.56765
1396.0      665.15152
1397.0      697.44949
1398.0      711.15889
1399.0      662.43068
1400.0      683.56215
1401.0      666.17795
1402.0      644.79855
1403.0      591.61659
1404.0      630.84159
1405.0      628.35560
1406.0      628.14432
1407.0      627.35329
1408.0      713.28107
1409.0      718.76342
1410.0      708.49753
1411.0      670.23724
1412.0      685.34050
1413.0      670.36092
1414.0      657.41001
1415.0      617.54662
1416.0      652.99764
1417.0      687.49174
1418.0      716.84528
1419.0      679.37730
1420.0      724.31618
1421.0      704.25642
1422.0      660.86912
1423.0      593.82518
1424.0      646.53563
1425.0      650.01654
1426.0      638.10426
1427.0      596.28472
1428.0      644.29305
1429.0      663.13556
1430.0      673.65030
1431.0      634.47852
1432.0      660.92628
1433.0      670.05939
1434.0      646.06417
1435.0      585.90239
1436.0      617.10604
1437.0      639.83783
1438.0      635.25035
1439.0      618.25500
1440.0      703.10393
1441.0      716.30179
1442.0      682.35863
1443.0      611.17845
1444.0      638.86572
1445.0      620.91996
1446.0      617.97018
1447.0      580.36531
1448.0      633.67217
1449.0      668.86307
1450.0      700.34652
1451.0      667.08811
1452.0      691.81535
1453.0      679.87778
1454.0      630.33024
1455.0      573.29774
1456.0      613.72884
1457.0      623.04583
1458.0      611.58446
1459.0      604.71824
1460.0      682.97407
1461.0      697.04020
1462.0      683.13955
1463.0      621.51551
1464.0      629.78528
1465.0      618.56037
1466.0      610.57942
1467.0      562.13776
1468.0      613.05280
1469.0      637.14865
1470.0      649.60772
1471.0      619.58788
1472.0      689.18017
1473.0      703.05003
1474.0      679.86322
1475.0      633.12771
1476.0      657.80553
1477.0      653.96869
1478.0      627.12350
1479.0      589.09507
1480.0      621.09965
1481.0      647.72776
1482.0      667.70804
1483.0      628.27875
1484.0      658.72797
1485.0      659.64917
1486.0      642.57447
1487.0      575.91769
1488.0      609.77201
1489.0      613.49798
1490.0      604.81950
1491.0      579.58441
1492.0      649.15057
1493.0      665.79130
1494.0      658.57456
1495.0      600.73200
1496.0      610.02995
1497.0      611.06694
1498.0      605.95994
1499.0      553.91494
1500.0      585.62500
1501.0      637.71662
1502.0      655.18204
1503.0      616.32345
1504.0      658.04498
1505.0      658.29623
1506.0      613.77701
1507.0      563.29468
1508.0      626.02901
1509.0      620.92172
1510.0      596.48577
1511.0      553.52086
1512.0      610.24785
1513.0      627.52896
1514.0      649.34789
1515.0      619.71617
1516.0      639.01940
1517.0      639.01328
1518.0      608.91191
1519.0      557.71594
1520.0      589.49686
1521.0      608.75177
1522.0      586.44151
1523.0      567.35130
1524.0      646.44171
1525.0      663.66039
1526.0      639.57073
1527.0      591.91638
1528.0      623.06368
1529.0      609.12382
1530.0      594.71881
1531.0      545.34284
1532.0      578.91190
1533.0      598.66380
1534.0      636.84474
1535.0      618.18813
1536.0      671.79063
1537.0      671.59017
1538.0      627.64035
1539.0      567.45690
1540.0      596.71439
1541.0      601.39815
1542.0      578.84426
1543.0      570.06966
1544.0      626.95616
1545.0      641.55184
1546.0      642.86183
1547.0      590.98159
1548.0      611.46798
1549.0      610.19748
1550.0      604.95786
1551.0      537.07387
1552.0      569.32271
1553.0      587.81529
1554.0      601.96869
1555.0      572.73560
1556.0      638.90048
1557.0      653.38773
1558.0      631.19653
1559.0      578.50618
1560.0      597.54856
1561.0      597.42454
1562.0      571.13449
1563.0      532.61681
1564.0      558.48713
1565.0      593.05364
1566.0      605.86302
1567.0      562.18974
1568.0      597.90062
1569.0      602.78004
1570.0      593.30835
1571.0      528.80267
1572.0      575.21383
1573.0      570.52108
1574.0      566.03322
1575.0      528.83723
1576.0      595.31230
1577.0      625.33263
1578.0      633.73665
1579.0      579.83216
1580.0      577.88040
1581.0      563.56898
1582.0      540.10032
1583.0      495.56347
1584.0      531.72590
1585.0      569.68252
1586.0      581.99477
1587.0      562.13337
1588.0      614.06852
1589.0      615.87180
1590.0      579.86529
1591.0      523.83941
1592.0      567.36376
1593.0      548.16937
1594.0      532.66243
1595.0      496.44662
1596.0      555.24932
1597.0      564.91469
1598.0      576.96129
1599.0      544.60690
1600.0      565.11005
1601.0      576.72925
1602.0      559.82065
1603.0      520.57185
1604.0      536.85276
1605.0      549.67407
1606.0      530.20410
1607.0      514.59561
1608.0      582.59674
1609.0      599.50152
1610.0      588.16182
1611.0      538.10448
1612.0      557.70835
1613.0      537.47178
1614.0      529.75823
1615.0      473.11293
1616.0      498.33877
1617.0      520.28266
1618.0      552.91033
1619.0      530.61046
1620.0      573.40474
1621.0      584.69343
1622.0      558.65941
1623.0      504.42017
1624.0      523.78791
1625.0      514.08106
1626.0      488.89021
1627.0      485.56447
1628.0      556.95600
1629.0      592.43258
1630.0      599.81604
1631.0      554.24774
1632.0      564.65434
1633.0      554.67729
1634.0      560.99105
1635.0      502.56823
1636.0      548.79600
1637.0      563.42889
1638.0      573.90940
1639.0      540.58786
1640.0      591.23034
1641.0      596.42763
1642.0      552.18167
1643.0      509.64976
1644.0      530.73658
1645.0      534.39917
1646.0      508.24098
1647.0      470.10525
1648.0      486.57303
1649.0      505.57127
1650.0      531.21435
1651.0      514.53759
1652.0      570.92127
1653.0      600.85087
1654.0      595.09027
1655.0      522.64147
1656.0      548.12431
1657.0      534.70056
1658.0      515.30105
1659.0      479.59289
1660.0      546.23824
1661.0      555.15770
1662.0      545.38492
1663.0      510.38100
1664.0      519.65059
1665.0      503.50598
1666.0      482.02869
1667.0      441.45638
1668.0      459.90878
1669.0      474.67805
1670.0      487.62185
1671.0      467.82878
1672.0      525.64803
1673.0      517.96215
1674.0      486.48598
1675.0      434.26609
1676.0      479.77402
1677.0      465.04762
1678.0      457.70773
1679.0      434.56279
1680.0      476.45613
1681.0      501.26238
1682.0      535.88177
1683.0      515.17390
1684.0      498.24921
1685.0      484.79214
1686.0      466.56691
1687.0      427.13195
1688.0      434.85458
1689.0      437.35367
1690.0      414.37098
1691.0      396.33093
1692.0      469.17313
1693.0      489.66714
1694.0      488.78295
1695.0      431.31103
1696.0      443.28671
1697.0      419.06578
1698.0      431.11330
1699.0      380.16316
1700.0      386.21190
1701.0      401.93232
1702.0      437.17346
1703.0      433.02667
1704.0      476.61297
1705.0      497.54128
1706.0      454.08044
1707.0      400.82828
1708.0      436.14409
1709.0      437.28905
1710.0      406.86857
1711.0      388.42408
1712.0      455.02614
1713.0      473.02866
1714.0      489.27421
1715.0      458.81444
1716.0      475.87237
1717.0      465.80498
1718.0      455.78595
1719.0      405.52594
1720.0      440.79380
1721.0      457.05337
1722.0      457.20574
1723.0      444.19849
1724.0      510.56361
1725.0      525.82938
1726.0      494.00589
1727.0      465.39687
1728.0      492.08643
1729.0      490.73948
1730.0      460.66922
1731.0      432.46057
1732.0      468.15843
1733.0      491.22475
1734.0      511.68378
1735.0      482.34437
1736.0      523.94753
1737.0      521.04576
1738.0      508.24462
1739.0      455.58073
1740.0      491.36492
1741.0      480.96272
1742.0      464.40803
1743.0      449.51709
1744.0      519.20120
1745.0      555.38973
1746.0      570.86892
1747.0      539.05776
1748.0      533.99168
1749.0      527.67108
1750.0      510.53124
1751.0      460.13022
1752.0      465.59069
1753.0      488.78775
1754.0      507.92299
1755.0      506.50359
1756.0      565.83076
1757.0      564.63259
1758.0      536.48673
1759.0      493.74794
1760.0      548.42826
1761.0      546.59447
1762.0      532.78859
1763.0      481.24154
1764.0      513.85892
1765.0      530.08666
1766.0      546.80626
1767.0      519.31394
1768.0      551.60855
1769.0      567.66888
1770.0      544.50576
1771.0      486.15093
1772.0      506.90282
1773.0      521.28818
1774.0      520.39337
1775.0      499.95893
1776.0      554.89557
1777.0      571.86861
1778.0      568.51487
1779.0      516.70766
1780.0      532.55059
1781.0      523.51865
1782.0      505.39523
1783.0      447.47405
1784.0      475.34231
1785.0      492.50334
1786.0      504.54947
1787.0      493.12987
1788.0      561.19400
1789.0      581.35036
1790.0      553.84946
1791.0      515.45389
1792.0      532.00977
1793.0      509.83900
1794.0      477.45518
1795.0      462.29163
1796.0      516.88873
1797.0      542.21477
1798.0      559.30778
1799.0      525.95589
1800.0      543.33182
1801.0      532.76419
1802.0      523.36652
1803.0      483.54605
1804.0      513.37250
1805.0      515.27651
1806.0      511.80717
1807.0      497.61018
1808.0      552.30326
1809.0      561.95167
1810.0      544.46534
1811.0      509.53841
1812.0      523.63434
1813.0      517.38442
1814.0      494.61342
1815.0      456.18860
1816.0      477.27057
1817.0      509.14446
1818.0      533.19948
1819.0      508.66218
1820.0      537.47912
1821.0      539.28391
1822.0      525.16651
1823.0      469.89910
1824.0      486.48128
1825.0      471.28322
1826.0      462.31498
1827.0      443.11853
1828.0      493.29210
1829.0      518.58721
1830.0      538.05443
1831.0      511.30865
1832.0      510.49381
1833.0      499.76645
1834.0      486.16816
1835.0      429.77412
1836.0      429.89228
1837.0      437.04370
1838.0      446.92975
1839.0      438.43691
1840.0      496.23394
1841.0      510.26975
1842.0      489.45595
1843.0      454.20021
1844.0      490.31583
1845.0      482.83252
1846.0      463.56714
1847.0      424.08696
1848.0      459.46278
1849.0      481.69985
1850.0      511.36326
1851.0      484.88871
1852.0      502.65050
1853.0      501.71187
1854.0      479.98024
1855.0      428.11508
1856.0      447.31583
1857.0      448.74001
1858.0      427.78132
1859.0      412.58793
1860.0      474.80277
1861.0      489.68519
1862.0      489.74955
1863.0      460.76658
1864.0      484.64878
1865.0      465.44220
1866.0      456.45533
1867.0      404.02268
1868.0      416.22097
1869.0      429.53371
1870.0      460.65556
1871.0      458.72493
1872.0      509.36310
1873.0      512.55504
1874.0      474.98651
1875.0      419.40441
1876.0      434.89181
1877.0      420.87206
1878.0      404.35293
1879.0      395.97380
1880.0      441.31603
1881.0      471.64580
1882.0      499.51713
1883.0      484.39732
1884.0      488.59156
1885.0      466.99538
1886.0      448.59724
1887.0      398.50300
1888.0      418.31514
1889.0      418.97415
1890.0      427.21212
1891.0      421.11130
1892.0      484.84963
1893.0      496.12174
1894.0      485.49426
1895.0      444.01855
1896.0      461.66334
1897.0      461.41364
1898.0      452.70884
1899.0      404.50941
1900.0      406.42948
1901.0      425.29463
1902.0      446.46201
1903.0      426.10634
1904.0      462.48000
1905.0      473.28255
1906.0      449.12613
1907.0      391.17689
1908.0      417.10406
1909.0      408.96869
1910.0      394.55083
1911.0      371.30181
1912.0      421.95707
1913.0      440.40142
1914.0      456.86599
1915.0      433.38790
1916.0      445.14905
1917.0      443.15526
1918.0      417.83495
1919.0      364.74859
1920.0      381.41485
1921.0      415.75453
1922.0      428.01151
1923.0      417.63083
1924.0      466.63081
1925.0      476.21527
1926.0      461.28397
1927.0      419.80527
1928.0      434.72994
1929.0      416.84999
1930.0      403.47891
1931.0      370.37966
1932.0      401.95558
1933.0      426.08825
1934.0      458.46596
1935.0      439.02728
1936.0      463.54444
1937.0      451.02952
1938.0      413.84798
1939.0      367.92772
1940.0      398.43162
1941.0      414.86285
1942.0      394.62371
1943.0      380.51806
1944.0      420.24859
1945.0      440.29667
1946.0      449.69317
1947.0      423.53991
1948.0      435.15406
1949.0      424.69923
1950.0      416.38580
1951.0      371.75991
1952.0      394.05391
1953.0      401.19927
1954.0      404.16836
1955.0      391.32226
1956.0      444.51080
1957.0      452.59632
1958.0      433.81139
1959.0      399.45252
1960.0      411.84242
1961.0      397.92370
1962.0      375.04450
1963.0      352.17051
1964.0      379.72416
1965.0      409.98963
1966.0      435.65568
1967.0      419.24287
1968.0      428.55773
1969.0      415.38544
1970.0      393.76495
1971.0      345.69891
1972.0      371.71203
1973.0      376.08208
1974.0      388.94155
1975.0      377.63558
1976.0      430.33383
1977.0      434.66318
1978.0      431.00567
1979.0      392.02604
1980.0      396.04592
1981.0      398.13240
1982.0      380.05452
1983.0      341.44907
1984.0      359.16883
1985.0      392.73370
1986.0      405.91509
1987.0      390.65740
1988.0      433.79432
1989.0      438.55873
1990.0      409.60503
1991.0      362.25124
1992.0      388.76387
1993.0      382.84567
1994.0      367.27731
1995.0      340.41368
1996.0      379.62419
1997.0      395.73937
1998.0      415.43729
1999.0      399.40372
2000.0      415.65115
2001.0      403.85096
2002.0      371.54128
2003.0      333.72054
2004.0      344.17595
2005.0      357.10191
2006.0      355.45040
2007.0      365.79113
2008.0      417.29518
2009.0      428.57820
2010.0      410.19198
2011.0      364.21482
2012.0      364.25007
2013.0      344.09831
2014.0      336.93873
2015.0      304.55335
2016.0      330.61688
2017.0      348.76783
2018.0      377.00748
2019.0      360.97907
2020.0      394.34300
2021.0      396.17752
2022.0      376.55398
2023.0      343.23850
2024.0      363.54169
2025.0      362.14138
2026.0      344.35829
2027.0      336.51062
2028.0      378.57132
2029.0      401.68568
2030.0      408.72148
2031.0      373.78338
2032.0      372.62780
2033.0      361.51295
2034.0      360.25543
2035.0      317.89476
2036.0      340.63539
2037.0      350.63744
2038.0      363.17323
2039.0      348.13673
2040.0      399.42712
2041.0      411.43474
2042.0      390.39741
2043.0      349.22332
2044.0      350.12772
2045.0      338.84950
2046.0      324.32266
2047.0      306.27133
2048.0      327.59402
2049.0      360.03194
2050.0      390.47104
2051.0      372.39114
2052.0      384.20352
2053.0      374.18218
2054.0      349.57132
2055.0      301.85755
2056.0      344.16561
2057.0      353.41804
2058.0      348.62662
2059.0      324.11019
2060.0      375.78946
2061.0      382.91834
2062.0      379.36824
2063.0      339.81950
2064.0      331.72749
2065.0      321.41721
2066.0      314.55568
2067.0      298.18651
2068.0      317.51708
2069.0      343.35391
2070.0      348.06703
2071.0      334.92826
2072.0      377.16236
2073.0      379.86627
2074.0      355.30910
2075.0      309.26315
2076.0      336.32675
2077.0      313.72464
2078.0      301.59262
2079.0      284.63634
2080.0      317.37851
2081.0      332.94974
2082.0      362.52375
2083.0      361.96756
2084.0      362.39842
2085.0      349.20890
2086.0      328.67101
2087.0      293.86397
2088.0      302.22085
2089.0      304.77502
2090.0      304.49678
2091.0      305.17130
2092.0      353.16277
2093.0      358.39397
2094.0      349.20534
2095.0      306.97422
2096.0      302.10045
2097.0      289.08750
2098.0      300.29697
2099.0      281.56451
2100.0      312.79122
2101.0      334.54118
2102.0      346.83303
2103.0      317.89386
2104.0      338.55538
2105.0      345.36774
2106.0      321.90595
2107.0      292.66429
2108.0      308.16690
2109.0      315.31982
2110.0      306.36014
2111.0      295.80051
2112.0      322.96367
2113.0      332.95080
2114.0      344.93419
2115.0      318.69984
2116.0      325.16370
2117.0      316.89984
2118.0      310.73289
2119.0      271.37506
2120.0      290.81830
2121.0      295.33681
2122.0      296.18347
2123.0      288.90482
2124.0      340.84842
2125.0      352.73895
2126.0      333.08422
2127.0      304.49720
2128.0      311.18133
2129.0      308.07043
2130.0      299.72780
2131.0      288.52553
2132.0      302.62818
2133.0      314.45001
2134.0      335.32844
2135.0      321.89247
2136.0      344.44218
2137.0      333.31447
2138.0      311.99149
2139.0      276.88728
2140.0      306.85364
2141.0      301.31198
2142.0      286.15115
2143.0      276.42517
2144.0      321.22153
2145.0      330.68480
2146.0      331.84783
2147.0      303.65767
2148.0      296.79857
2149.0      287.41309
2150.0      279.70935
2151.0      263.45520
2152.0      278.20592
2153.0      295.39006
2154.0      307.22689
2155.0      306.43613
2156.0      340.70920
2157.0      330.91550
2158.0      304.96459
2159.0      269.74036
2160.0      289.27563
2161.0      279.53688
2162.0      278.05337
2163.0      265.04277
2164.0      287.48870
2165.0      300.81741
2166.0      319.89748
2167.0      306.63630
2168.0      301.18599
2169.0      296.14805
2170.0      276.24093
2171.0      250.84772
2172.0      255.60720
2173.0      262.32177
2174.0      262.80219
2175.0      260.95622
2176.0      305.81952
2177.0      320.84669
2178.0      323.26489
2179.0      290.50843
2180.0      296.70335
2181.0      287.04476
2182.0      275.31380
2183.0      237.07399
2184.0      248.55124
2185.0      262.78708
2186.0      276.09173
2187.0      265.47615
2188.0      296.24430
2189.0      301.50377
2190.0      269.28691
2191.0      243.62930
2192.0      264.58112
2193.0      277.41551
2194.0      264.14980
2195.0      252.60902
2196.0      277.36430
2197.0      289.83511
2198.0      306.48022
2199.0      285.66436
2200.0      297.43059
2201.0      284.92273
2202.0      273.68350
2203.0      240.07787
2204.0      261.54198
2205.0      267.31321
2206.0      266.68331
2207.0      267.08994
2208.0      306.78516
2209.0      309.71452
2210.0      291.65444
2211.0      270.30254
2212.0      274.30598
2213.0      269.64404
2214.0      265.93929
2215.0      247.07562
2216.0      253.34931
2217.0      260.76371
2218.0      282.71162
2219.0      274.34415
2220.0      301.29279
2221.0      291.50100
2222.0      274.66230
2223.0      244.18908
2224.0      268.12807
2225.0      256.93764
2226.0      252.98341
2227.0      248.70301
2228.0      283.14424
2229.0      299.12377
2230.0      309.66535
2231.0      292.28243
2232.0      276.61629
2233.0      270.34020
2234.0      262.36863
2235.0      241.45854
2236.0      247.52005
2237.0      255.38952
2238.0      259.34210
2239.0      250.29938
2240.0      287.58079
2241.0      291.03579
2242.0      278.31311
2243.0      248.83890
2244.0      262.87236
2245.0      259.57961
2246.0      261.76790
2247.0      235.64433
2248.0      238.33832
2249.0      251.33759
2250.0      274.02697
2251.0      263.98821
2252.0      274.89416
2253.0      279.82271
2254.0      255.32610
2255.0      226.29535
2256.0      242.26237
2257.0      243.47021
2258.0      230.95530
2259.0      229.38846
2260.0      276.51613
2261.0      286.99350
2262.0      292.09771
2263.0      265.66270
2264.0      270.18686
2265.0      261.55103
2266.0      257.81426
2267.0      223.88007
2268.0      233.21654
2269.0      243.34584
2270.0      245.82143
2271.0      236.22695
2272.0      271.94866
2273.0      277.78015
2274.0      252.42078
2275.0      228.87361
2276.0      242.04312
2277.0      239.31364
2278.0      233.39468
2279.0      228.94702
2280.0      240.94606
2281.0      246.36389
2282.0      264.82671
2283.0      258.37987
2284.0      275.03032
2285.0      265.85699
2286.0      250.99725
2287.0      218.56211
2288.0      238.82096
2289.0      231.75074
2290.0      218.15518
2291.0      215.56949
2292.0      253.76966
2293.0      266.05374
2294.0      261.94143
2295.0      245.61850
2296.0      236.83854
2297.0      227.79802
2298.0      228.64573
2299.0      205.29411
2300.0      205.18332
2301.0      214.67653
2302.0      237.10457
2303.0      226.91154
2304.0      257.29968
2305.0      264.98236
2306.0      249.69674
2307.0      214.69417
2308.0      225.66058
2309.0      222.64153
2310.0      225.48171
2311.0      217.12490
2312.0      238.77808
2313.0      252.04025
2314.0      270.57618
2315.0      255.52225
2316.0      251.57937
2317.0      250.34642
2318.0      236.06062
2319.0      213.71642
2320.0      224.42436
2321.0      232.86788
2322.0      220.95732
2323.0      208.15968
2324.0      251.33291
2325.0      260.92360
2326.0      253.64302
2327.0      225.06553
2328.0      234.99919
2329.0      226.01806
2330.0      223.50322
2331.0      202.47024
2332.0      210.23500
2333.0      218.25683
2334.0      233.16564
2335.0      228.15083
2336.0      257.09571
2337.0      266.73884
2338.0      245.63017
2339.0      217.34236
2340.0      230.52476
2341.0      223.25602
2342.0      205.78360
2343.0      196.44012
2344.0      231.27754
2345.0      243.39052
2346.0      260.40900
2347.0      244.22820
2348.0      242.25859
2349.0      226.61637
2350.0      215.25217
2351.0      190.33940
2352.0      207.06089
2353.0      217.66991
2354.0      218.74146
2355.0      216.44889
2356.0      252.51854
2357.0      256.41804
2358.0      235.82284
2359.0      214.08194
2360.0      218.74835
2361.0      218.47187
2362.0      216.59340
2363.0      207.65931
2364.0      208.62217
2365.0      215.63183
2366.0      236.90439
2367.0      233.66351
2368.0      244.03509
2369.0      237.15490
2370.0      224.90020
2371.0      194.20989
2372.0      208.88468
2373.0      203.30078
2374.0      198.73311
2375.0      189.34651
2376.0      225.21230
2377.0      238.50162
2378.0      251.96948
2379.0      236.08709
2380.0      231.42197
2381.0      225.73607
2382.0      217.96930
2383.0      188.75485
2384.0      187.47924
2385.0      198.24413
2386.0      214.85837
2387.0      214.74852
2388.0      253.55426
2389.0      258.44893
2390.0      235.40283
2391.0      198.79529
2392.0      212.02677
2393.0      209.60627
2394.0      199.92593
2395.0      182.58738
2396.0      202.60989
2397.0      212.64502
2398.0      230.44835
2399.0      217.09092
2400.0      230.44252
2401.0      228.05326
2402.0      210.15111
2403.0      185.46525
2404.0      202.58908
2405.0      209.23020
2406.0      189.94319
2407.0      183.91828
2408.0      219.81938
2409.0      231.79259
2410.0      232.50340
2411.0      214.20463
2412.0      215.98322
2413.0      196.91469
2414.0      202.70928
2415.0      184.61301
2416.0      191.70961
2417.0      189.52806
2418.0      203.41335
2419.0      200.80861
2420.0      234.40544
2421.0      240.06005
2422.0      216.60948
2423.0      193.68046
2424.0      207.24884
2425.0      196.89632
2426.0      180.31517
2427.0      173.94831
2428.0      193.76946
2429.0      210.19303
2430.0      235.67655
2431.0      232.99183
2432.0      225.77618
2433.0      214.37017
2434.0      209.25246
2435.0      185.42545
2436.0      194.48042
2437.0      192.47494
2438.0      191.15591
2439.0      184.23201
2440.0      229.86915
2441.0      240.40041
2442.0      230.29458
2443.0      204.59592
2444.0      196.22825
2445.0      188.59661
2446.0      193.04831
2447.0      186.69033
2448.0      183.99841
2449.0      190.19265
2450.0      208.99133
2451.0      203.90322
2452.0      232.29094
2453.0      235.90218
2454.0      218.53461
2455.0      184.65091
2456.0      210.85601
2457.0      202.83202
2458.0      183.42489
2459.0      159.87165
2460.0      189.43068
2461.0      203.18375
2462.0      226.09165
2463.0      218.46244
2464.0      225.15222
2465.0      227.27682
2466.0      215.50950
2467.0      178.36290
2468.0      177.94092
2469.0      186.86079
2470.0      182.19254
2471.0      178.75033
2472.0      226.02416
2473.0      236.36055
2474.0      215.73019
2475.0      192.92507
2476.0      208.51416
2477.0      195.64479
2478.0      183.64710
2479.0      167.80155
2480.0      176.98533
2481.0      182.57468
2482.0      205.65165
2483.0      205.35526
2484.0      225.41032
2485.0      221.10113
2486.0      195.93503
2487.0      168.21590
2488.0      184.53773
2489.0      182.78330
2490.0      162.40119
2491.0      158.75239
2492.0      192.83104
2493.0      205.01984
2494.0      223.64241
2495.0      214.38336
2496.0      207.17013
2497.0      185.69471
2498.0      197.63089
2499.0      170.95148
2500.0      169.94018
