800.0      196989921.09356
801.0      45550294.78105
802.0      -15314307.55185
803.0      1012.97896
804.0      324.36029
805.0      64.71361
806.0      23.85257
807.0      77.85970
808.0      131.14983
809.0      195.64249
810.0      418.20595
811.0      485.88988
812.0      602.28138
813.0      538.61031
814.0      355.96384
815.0      154.73184
816.0      174.92699
817.0      323.08631
818.0      185.40899
819.0      107.75207
820.0      65.71376
821.0      307.40497
822.0      765.16146
823.0      827.09729
824.0      529.52962
825.0      249.74052
826.0      292.14288
827.0      273.88882
828.0      243.99082
829.0      202.42570
830.0      15.34848
831.0      138.47268
832.0      653.25525
833.0      883.96650
834.0      590.13426
835.0      374.13784
836.0      306.27606
837.0      234.94978
838.0      171.03490
839.0      243.82783
840.0      151.25596
841.0      207.29031
842.0      457.01056
843.0      592.65245
844.0      713.39116
845.0      668.94017
846.0      409.58499
847.0      164.22386
848.0      326.61006
849.0      411.33970
850.0      261.45256
851.0      142.04323
852.0      252.10977
853.0      390.38143
854.0      612.25305
855.0      627.33026
856.0      496.68626
857.0      385.83928
858.0      359.17572
859.0      251.77414
860.0      192.25014
861.0      173.01460
862.0      178.84411
863.0      266.23562
864.0      626.85113
865.0      648.04513
866.0      520.12136
867.0      431.12736
868.0      409.91850
869.0      267.99127
870.0      288.86043
871.0      293.04860
872.0      212.93251
873.0      219.05916
874.0      494.32058
875.0      542.89670
876.0      603.76458
877.0      567.66699
878.0      461.95013
879.0      324.83775
880.0      370.95417
881.0      331.30231
882.0      213.43592
883.0      224.21723
884.0      353.20294
885.0      420.89051
886.0      586.12765
887.0      541.00340
888.0      449.70049
889.0      385.09615
890.0      462.42055
891.0      326.81905
892.0      267.60077
893.0      289.86877
894.0      286.42961
895.0      294.46733
896.0      481.09119
897.0      574.20045
898.0      502.23021
899.0      429.79213
900.0      439.93772
901.0      392.46777
902.0      371.06049
903.0      303.87869
904.0      293.64084
905.0      362.52404
906.0      514.41252
907.0      526.80671
908.0      596.30252
909.0      577.78479
910.0      470.15005
911.0      338.52692
912.0      474.60409
913.0      446.19668
914.0      344.77352
915.0      292.35444
916.0      427.80686
917.0      466.09509
918.0      549.04768
919.0      560.31778
920.0      510.26144
921.0      462.56718
922.0      452.53506
923.0      390.20481
924.0      385.81637
925.0      391.49362
926.0      388.32454
927.0      391.40500
928.0      557.59910
929.0      592.21660
930.0      545.41561
931.0      477.31771
932.0      485.89156
933.0      427.68744
934.0      430.52723
935.0      399.05934
936.0      392.38131
937.0      408.55707
938.0      532.66814
939.0      542.40900
940.0      580.06617
941.0      593.55079
942.0      522.89647
943.0      414.66903
944.0      437.80457
945.0      446.24665
946.0      412.47970
947.0      407.69685
948.0      496.51477
949.0      524.10704
950.0      588.33443
951.0      558.34041
952.0      550.42960
953.0      528.33834
954.0      537.71415
955.0      443.80474
956.0      437.42691
957.0      437.81026
958.0      438.44897
959.0      404.16077
960.0      529.50454
961.0      641.56298
962.0      634.85104
963.0      556.37626
964.0      533.35156
965.0      533.33646
966.0      489.31204
967.0      438.07873
968.0      441.09718
969.0      493.63456
970.0      580.69616
971.0      587.36482
972.0      676.03380
973.0      680.69339
974.0      623.03625
975.0      513.39436
976.0      589.58116
977.0      562.25563
978.0      492.16424
979.0      458.22545
980.0      583.69554
981.0      642.10258
982.0      692.71645
983.0      659.17761
984.0      631.03365
985.0      570.36681
986.0      538.33159
987.0      485.70914
988.0      507.62667
989.0      531.03672
990.0      536.73615
991.0      549.57105
992.0      652.34660
993.0      670.56016
994.0      645.98106
995.0      594.66647
996.0      636.22199
997.0      586.16742
998.0      570.38825
999.0      515.83312
1000.0      555.11912
1001.0      584.76831
1002.0      659.94054
1003.0      669.20293
1004.0      707.05397
1005.0      708.93215
1006.0      647.93224
1007.0      573.01236
1008.0      578.68755
1009.0      557.86548
1010.0      531.78239
1011.0      527.98292
1012.0      632.77090
1013.0      680.49986
1014.0      740.83361
1015.0      683.09627
1016.0      665.67674
1017.0      667.04755
1018.0      660.61072
1019.0      544.67078
1020.0      540.49793
1021.0      587.86072
1022.0      620.34245
1023.0      604.15720
1024.0      718.61861
1025.0      743.81856
1026.0      668.72337
1027.0      599.53353
1028.0      646.38725
1029.0      676.04482
1030.0      631.48979
1031.0      585.04911
1032.0      617.14717
1033.0      674.67105
1034.0      737.44175
1035.0      726.08916
1036.0      785.28181
1037.0      773.33302
1038.0      719.38391
1039.0      612.24311
1040.0      680.65753
1041.0      673.88177
1042.0      637.63576
1043.0      607.73917
1044.0      736.18053
1045.0      782.93520
1046.0      808.35846
1047.0      763.34508
1048.0      744.98657
1049.0      708.13730
1050.0      680.72559
1051.0      626.00865
1052.0      643.02058
1053.0      696.89891
1054.0      733.30353
1055.0      741.35663
1056.0      840.62423
1057.0      844.32390
1058.0      797.30585
1059.0      710.32420
1060.0      748.13168
1061.0      702.38048
1062.0      685.61039
1063.0      643.12440
1064.0      719.71829
1065.0      761.65452
1066.0      816.26180
1067.0      785.40110
1068.0      808.85440
1069.0      805.64809
1070.0      764.50464
1071.0      701.90985
1072.0      737.49731
1073.0      758.85293
1074.0      735.09580
1075.0      723.22749
1076.0      825.19877
1077.0      869.25696
1078.0      892.54501
1079.0      830.37272
1080.0      854.59170
1081.0      821.13944
1082.0      809.38712
1083.0      701.55712
1084.0      749.65392
1085.0      774.92894
1086.0      812.28631
1087.0      787.35453
1088.0      893.32192
1089.0      911.29005
1090.0      844.41829
1091.0      763.66982
1092.0      801.01213
1093.0      810.85794
1094.0      788.13004
1095.0      762.32553
1096.0      839.28750
1097.0      900.21708
1098.0      949.47272
1099.0      902.81837
1100.0      948.22531
1101.0      940.02226
1102.0      893.93005
1103.0      776.76075
1104.0      875.55028
1105.0      910.98857
1106.0      913.61669
1107.0      848.21521
1108.0      958.28434
1109.0      970.58646
1110.0      962.04388
1111.0      903.88899
1112.0      909.22696
1113.0      900.60602
1114.0      857.30422
1115.0      790.78772
1116.0      812.69021
1117.0      865.43045
1118.0      890.50314
1119.0      879.52000
1120.0      986.05416
1121.0      987.13079
1122.0      926.87818
1123.0      835.28510
1124.0      899.61104
1125.0      870.00453
1126.0      862.82482
1127.0      824.30164
1128.0      916.00196
1129.0      949.97438
1130.0      1003.88813
1131.0      961.55234
1132.0      995.55435
1133.0      986.73085
1134.0      924.59042
1135.0      846.70883
1136.0      886.55230
1137.0      923.78615
1138.0      900.81535
1139.0      895.27600
1140.0      995.79145
1141.0      1032.63466
1142.0      1018.95408
1143.0      922.28240
1144.0      927.18241
1145.0      916.04070
1146.0      951.59969
1147.0      878.54375
1148.0      921.03530
1149.0      939.06748
1150.0      969.89224
1151.0      924.19378
1152.0      1018.89191
1153.0      1041.43316
1154.0      1005.29890
1155.0      942.40836
1156.0      983.83596
1157.0      986.66991
1158.0      950.74292
1159.0      901.87873
1160.0      948.56049
1161.0      1001.18219
1162.0      1027.44640
1163.0      981.15092
1164.0      1037.26161
1165.0      1040.92406
1166.0      1005.99512
1167.0      908.14008
1168.0      982.69346
1169.0      974.31044
1170.0      967.53406
1171.0      942.75876
1172.0      1072.70282
1173.0      1098.63804
1174.0      1088.83827
1175.0      1023.15505
1176.0      1031.49601
1177.0      1031.44984
1178.0      1029.83185
1179.0      995.80060
1180.0      1029.79624
1181.0      1066.37006
1182.0      1077.80664
1183.0      1044.13403
1184.0      1106.98169
1185.0      1104.30944
1186.0      1073.81992
1187.0      1010.00709
1188.0      1064.73562
1189.0      1045.87720
1190.0      1052.90013
1191.0      1005.42792
1192.0      1056.06102
1193.0      1054.61496
1194.0      1081.24600
1195.0      1038.32426
1196.0      1081.46982
1197.0      1095.48473
1198.0      1057.89908
1199.0      994.84701
1200.0      1028.15595
1201.0      1057.63732
1202.0      1036.40627
1203.0      1019.21673
1204.0      1094.91516
1205.0      1116.12299
1206.0      1112.77676
1207.0      1045.54084
1208.0      1080.58159
1209.0      1067.19987
1210.0      1082.63251
1211.0      1015.41925
1212.0      1064.49296
1213.0      1072.04886
1214.0      1092.41954
1215.0      1058.85079
1216.0      1129.85196
1217.0      1135.08370
1218.0      1079.36665
1219.0      1005.86048
1220.0      1029.84803
1221.0      1052.49060
1222.0      1038.62082
1223.0      1026.18346
1224.0      1083.44575
1225.0      1130.10637
1226.0      1131.72263
1227.0      1079.31132
1228.0      1123.27471
1229.0      1135.15009
1230.0      1123.50858
1231.0      1050.46553
1232.0      1118.32900
1233.0      1113.96060
1234.0      1104.29735
1235.0      1052.94774
1236.0      1125.09604
1237.0      1135.12974
1238.0      1140.11547
1239.0      1106.49689
1240.0      1124.07554
1241.0      1110.76387
1242.0      1081.68336
1243.0      1042.94796
1244.0      1078.89393
1245.0      1099.95097
1246.0      1106.63694
1247.0      1087.71546
1248.0      1162.64422
1249.0      1174.03683
1250.0      1159.58817
1251.0      1091.28601
1252.0      1130.92275
1253.0      1105.13882
1254.0      1114.75732
1255.0      1077.80092
1256.0      1144.11858
1257.0      1157.72285
1258.0      1185.98883
1259.0      1144.11344
1260.0      1155.66120
1261.0      1161.90116
1262.0      1131.61053
1263.0      1087.38562
1264.0      1111.57854
1265.0      1135.50515
1266.0      1129.08833
1267.0      1115.80657
1268.0      1190.68744
1269.0      1199.48272
1270.0      1191.59304
1271.0      1119.19051
1272.0      1141.35225
1273.0      1126.38069
1274.0      1143.04535
1275.0      1097.24900
1276.0      1161.25958
1277.0      1197.82436
1278.0      1213.63395
1279.0      1150.01205
1280.0      1173.81732
1281.0      1186.63784
1282.0      1163.28411
1283.0      1109.26885
1284.0      1142.39655
1285.0      1156.31598
1286.0      1141.32814
1287.0      1113.78616
1288.0      1174.08535
1289.0      1161.78205
1290.0      1129.47479
1291.0      1087.49193
1292.0      1142.05538
1293.0      1128.23615
1294.0      1108.63679
1295.0      1055.04254
1296.0      1100.30492
1297.0      1129.30275
1298.0      1158.60395
1299.0      1124.99216
1300.0      1147.88866
1301.0      1153.26763
1302.0      1127.70764
1303.0      1065.94879
1304.0      1096.58228
1305.0      1128.36664
1306.0      1132.61693
1307.0      1121.16292
1308.0      1204.60618
1309.0      1212.35721
1310.0      1162.58336
1311.0      1083.51233
1312.0      1128.59128
1313.0      1121.83939
1314.0      1117.62690
1315.0      1072.84164
1316.0      1131.38532
1317.0      1147.22034
1318.0      1165.24622
1319.0      1123.21017
1320.0      1148.54006
1321.0      1140.91729
1322.0      1107.69530
1323.0      1056.24222
1324.0      1097.08049
1325.0      1120.16312
1326.0      1116.74803
1327.0      1114.16180
1328.0      1185.96035
1329.0      1189.77872
1330.0      1163.36291
1331.0      1122.11470
1332.0      1156.22751
1333.0      1142.38000
1334.0      1137.50576
1335.0      1086.74178
1336.0      1122.67974
1337.0      1131.68861
1338.0      1155.52944
1339.0      1114.96360
1340.0      1169.13761
1341.0      1164.77364
1342.0      1133.66599
1343.0      1079.00188
1344.0      1115.39603
1345.0      1104.92801
1346.0      1081.16350
1347.0      1057.21862
1348.0      1113.36430
1349.0      1158.20409
1350.0      1182.99944
1351.0      1135.65304
1352.0      1157.30259
1353.0      1160.95443
1354.0      1136.47558
1355.0      1055.12320
1356.0      1088.96759
1357.0      1092.51172
1358.0      1094.27854
1359.0      1069.34763
1360.0      1143.24351
1361.0      1145.21607
1362.0      1135.95283
1363.0      1071.59420
1364.0      1080.90632
1365.0      1091.22499
1366.0      1095.41916
1367.0      1054.10931
1368.0      1080.06944
1369.0      1096.30410
1370.0      1087.89106
1371.0      1056.97223
1372.0      1133.73765
1373.0      1147.67402
1374.0      1132.49355
1375.0      1072.87257
1376.0      1118.42691
1377.0      1115.22363
1378.0      1091.14397
1379.0      1007.58693
1380.0      1025.87390
1381.0      1046.47750
1382.0      1072.94013
1383.0      1044.07881
1384.0      1097.38916
1385.0      1097.70305
1386.0      1052.20601
1387.0      1001.97892
1388.0      1050.01727
1389.0      1062.77126
1390.0      1047.08478
1391.0      1038.50580
1392.0      1101.46187
1393.0      1124.33691
1394.0      1129.93219
1395.0      1080.94970
1396.0      1106.61005
1397.0      1097.11638
1398.0      1085.00852
1399.0      1031.98605
1400.0      1070.72281
1401.0      1069.84031
1402.0      1070.62452
1403.0      1068.06010
1404.0      1132.72802
1405.0      1132.29981
1406.0      1112.01382
1407.0      1090.97299
1408.0      1126.38776
1409.0      1130.15261
1410.0      1105.68327
1411.0      1052.37324
1412.0      1078.25962
1413.0      1112.14309
1414.0      1138.01420
1415.0      1114.03022
1416.0      1167.41919
1417.0      1168.26726
1418.0      1148.68388
1419.0      1090.11626
1420.0      1116.47832
1421.0      1093.68758
1422.0      1084.52152
1423.0      1060.22723
1424.0      1128.58798
1425.0      1178.89117
1426.0      1197.36924
1427.0      1149.26717
1428.0      1157.14927
1429.0      1150.01252
1430.0      1107.09466
1431.0      1054.62111
1432.0      1085.82567
1433.0      1091.39183
1434.0      1089.40793
1435.0      1078.52914
1436.0      1142.33118
1437.0      1145.90374
1438.0      1143.17585
1439.0      1099.45069
1440.0      1144.79303
1441.0      1143.34319
1442.0      1111.04549
1443.0      1008.46624
1444.0      1025.14321
1445.0      1028.76936
1446.0      1034.91426
1447.0      1013.57420
1448.0      1085.89511
1449.0      1100.82149
1450.0      1082.03502
1451.0      1053.49381
1452.0      1074.03685
1453.0      1062.95767
1454.0      1030.52279
1455.0      984.09462
1456.0      1023.78444
1457.0      1066.14197
1458.0      1112.74539
1459.0      1098.74992
1460.0      1157.02025
1461.0      1136.03149
1462.0      1095.17700
1463.0      1021.60539
1464.0      1058.91019
1465.0      1045.29574
1466.0      1057.82348
1467.0      1041.44165
1468.0      1100.62935
1469.0      1114.23995
1470.0      1120.86429
1471.0      1066.60884
1472.0      1053.67545
1473.0      1046.88928
1474.0      1025.46534
1475.0      988.63086
1476.0      1034.41005
1477.0      1067.36967
1478.0      1073.28095
1479.0      1047.05502
1480.0      1112.50669
1481.0      1113.06472
1482.0      1100.65014
1483.0      1030.62436
1484.0      1049.08656
1485.0      1031.26082
1486.0      1028.90946
1487.0      961.76295
1488.0      995.53696
1489.0      1011.03530
1490.0      1032.50522
1491.0      1017.77512
1492.0      1080.47390
1493.0      1089.51365
1494.0      1033.58654
1495.0      977.28813
1496.0      1006.73517
1497.0      1031.65685
1498.0      1022.98966
1499.0      999.04061
1500.0      1047.12605
1501.0      1073.22275
1502.0      1097.88127
1503.0      1053.21324
1504.0      1070.55419
1505.0      1038.45925
1506.0      1015.97859
1507.0      952.36356
1508.0      994.56767
1509.0      996.04858
1510.0      1007.76060
1511.0      993.86992
1512.0      1053.03531
1513.0      1046.45846
1514.0      1021.49528
1515.0      979.84860
1516.0      991.44390
1517.0      998.47986
1518.0      995.29703
1519.0      962.38893
1520.0      987.08742
1521.0      1006.81504
1522.0      1027.64777
1523.0      1011.68443
1524.0      1071.03763
1525.0      1057.63763
1526.0      1028.05396
1527.0      977.03941
1528.0      1017.43423
1529.0      992.41916
1530.0      970.45580
1531.0      925.39656
1532.0      988.90687
1533.0      1026.50990
1534.0      1048.80402
1535.0      1001.11870
1536.0      1021.34027
1537.0      1029.01669
1538.0      998.90297
1539.0      940.40640
1540.0      961.45599
1541.0      971.15027
1542.0      965.40390
1543.0      951.54807
1544.0      1017.18019
1545.0      1025.41592
1546.0      1013.26731
1547.0      945.01261
1548.0      965.14572
1549.0      953.29750
1550.0      955.32496
1551.0      899.15268
1552.0      953.85492
1553.0      985.75289
1554.0      1003.34422
1555.0      970.64683
1556.0      1015.33411
1557.0      1017.92892
1558.0      975.23731
1559.0      935.31621
1560.0      955.67408
1561.0      956.66127
1562.0      941.51002
1563.0      916.22898
1564.0      943.54903
1565.0      953.67642
1566.0      963.68059
1567.0      917.51336
1568.0      951.18246
1569.0      943.28046
1570.0      927.91074
1571.0      867.74415
1572.0      913.53623
1573.0      903.32428
1574.0      906.20195
1575.0      890.72508
1576.0      953.67486
1577.0      965.45490
1578.0      970.56816
1579.0      934.87482
1580.0      927.99840
1581.0      917.08919
1582.0      886.53371
1583.0      851.20833
1584.0      881.06796
1585.0      909.55273
1586.0      903.77081
1587.0      881.59268
1588.0      943.86370
1589.0      937.18827
1590.0      910.77642
1591.0      851.10644
1592.0      886.49394
1593.0      864.94277
1594.0      862.95388
1595.0      816.04303
1596.0      856.82048
1597.0      864.67297
1598.0      881.53455
1599.0      846.42754
1600.0      899.20068
1601.0      914.51817
1602.0      875.24369
1603.0      824.83402
1604.0      875.64921
1605.0      901.68266
1606.0      868.38304
1607.0      820.99816
1608.0      860.39061
1609.0      883.36134
1610.0      910.27246
1611.0      866.00023
1612.0      892.86055
1613.0      878.06697
1614.0      858.40307
1615.0      775.13901
1616.0      814.81452
1617.0      816.06554
1618.0      806.52232
1619.0      779.69710
1620.0      866.40544
1621.0      879.90213
1622.0      860.09118
1623.0      817.53375
1624.0      836.16740
1625.0      840.38265
1626.0      827.24215
1627.0      787.10051
1628.0      794.75130
1629.0      833.28784
1630.0      863.18151
1631.0      845.31294
1632.0      897.23966
1633.0      899.27269
1634.0      884.91674
1635.0      839.29015
1636.0      903.68127
1637.0      888.95713
1638.0      880.95562
1639.0      848.96501
1640.0      902.75929
1641.0      916.68118
1642.0      939.74264
1643.0      909.08977
1644.0      914.22489
1645.0      902.72454
1646.0      862.29345
1647.0      794.95666
1648.0      798.92927
1649.0      820.89246
1650.0      818.79427
1651.0      819.60478
1652.0      891.79038
1653.0      915.97437
1654.0      913.21846
1655.0      856.85959
1656.0      869.92296
1657.0      841.90791
1658.0      840.01000
1659.0      763.42439
1660.0      776.51744
1661.0      787.27718
1662.0      813.97421
1663.0      786.33125
1664.0      837.85173
1665.0      835.50371
1666.0      781.87745
1667.0      719.66287
1668.0      753.44138
1669.0      753.85724
1670.0      710.38346
1671.0      675.55760
1672.0      735.57191
1673.0      789.15743
1674.0      806.50933
1675.0      764.78104
1676.0      804.69439
1677.0      805.48099
1678.0      780.22309
1679.0      697.17266
1680.0      737.83394
1681.0      729.31540
1682.0      714.58322
1683.0      680.06710
1684.0      759.58904
1685.0      785.45273
1686.0      788.64071
1687.0      748.92196
1688.0      755.36739
1689.0      740.37029
1690.0      700.60165
1691.0      629.72730
1692.0      650.95958
1693.0      692.37500
1694.0      713.38153
1695.0      689.07871
1696.0      751.62165
1697.0      747.59143
1698.0      714.08696
1699.0      655.02507
1700.0      686.46548
1701.0      658.48937
1702.0      659.31464
1703.0      634.36605
1704.0      695.09903
1705.0      727.87377
1706.0      775.47963
1707.0      729.17311
1708.0      732.90408
1709.0      725.65021
1710.0      692.33491
1711.0      636.43834
1712.0      666.26402
1713.0      694.91364
1714.0      694.64727
1715.0      691.28709
1716.0      758.11724
1717.0      773.54975
1718.0      789.78460
1719.0      745.75227
1720.0      759.99833
1721.0      735.21571
1722.0      732.59750
1723.0      671.73256
1724.0      717.24029
1725.0      745.48597
1726.0      771.16610
1727.0      747.83751
1728.0      821.24473
1729.0      834.42464
1730.0      804.34376
1731.0      751.12554
1732.0      759.96595
1733.0      753.83870
1734.0      733.14331
1735.0      713.92181
1736.0      756.84153
1737.0      813.69391
1738.0      845.44193
1739.0      814.80316
1740.0      839.14786
1741.0      826.69073
1742.0      792.02916
1743.0      740.91746
1744.0      807.14272
1745.0      808.69032
1746.0      797.52266
1747.0      768.65800
1748.0      837.21002
1749.0      856.86040
1750.0      874.09136
1751.0      832.38836
1752.0      824.23029
1753.0      809.40137
1754.0      786.91740
1755.0      751.50566
1756.0      771.85041
1757.0      798.50484
1758.0      805.50908
1759.0      810.45044
1760.0      865.56765
1761.0      858.48820
1762.0      833.75180
1763.0      790.33972
1764.0      819.77340
1765.0      809.17765
1766.0      820.08532
1767.0      784.23584
1768.0      831.64373
1769.0      849.05918
1770.0      870.74982
1771.0      845.58254
1772.0      880.65699
1773.0      864.09688
1774.0      811.31336
1775.0      769.16642
1776.0      797.40866
1777.0      807.55790
1778.0      793.59566
1779.0      782.73258
1780.0      832.40016
1781.0      861.55360
1782.0      869.48177
1783.0      814.00326
1784.0      814.94492
1785.0      803.21465
1786.0      800.87219
1787.0      745.47805
1788.0      789.15519
1789.0      810.72100
1790.0      833.28891
1791.0      801.07997
1792.0      847.39793
1793.0      850.46481
1794.0      826.06549
1795.0      774.13150
1796.0      795.53664
1797.0      819.89807
1798.0      807.56569
1799.0      769.89586
1800.0      790.51579
1801.0      820.69624
1802.0      830.83451
1803.0      810.13948
1804.0      848.00274
1805.0      840.75803
1806.0      810.29326
1807.0      764.41240
1808.0      804.76719
1809.0      796.57671
1810.0      798.13012
1811.0      783.75065
1812.0      834.48258
1813.0      832.07519
1814.0      827.80977
1815.0      782.14163
1816.0      786.21513
1817.0      780.91244
1818.0      763.39927
1819.0      731.89098
1820.0      753.55799
1821.0      774.70147
1822.0      771.18182
1823.0      758.79656
1824.0      809.31220
1825.0      820.69945
1826.0      809.55421
1827.0      753.67396
1828.0      770.27570
1829.0      742.68981
1830.0      746.42063
1831.0      712.62683
1832.0      764.13190
1833.0      776.10052
1834.0      795.96329
1835.0      754.44039
1836.0      770.26512
1837.0      756.35070
1838.0      727.01351
1839.0      686.59044
1840.0      709.20081
1841.0      715.12678
1842.0      710.35794
1843.0      708.12005
1844.0      749.21322
1845.0      764.10155
1846.0      764.28727
1847.0      729.08867
1848.0      748.32409
1849.0      752.89521
1850.0      753.85083
1851.0      696.80085
1852.0      728.77002
1853.0      730.00094
1854.0      739.58918
1855.0      706.63044
1856.0      755.53246
1857.0      754.45789
1858.0      735.32077
1859.0      702.94549
1860.0      720.64077
1861.0      719.30171
1862.0      695.02894
1863.0      667.08821
1864.0      699.69405
1865.0      730.71118
1866.0      730.81218
1867.0      695.09097
1868.0      725.17900
1869.0      721.63993
1870.0      692.75906
1871.0      633.62525
1872.0      676.58094
1873.0      680.12218
1874.0      698.04936
1875.0      670.55130
1876.0      718.99546
1877.0      723.77514
1878.0      735.51606
1879.0      706.65863
1880.0      721.38699
1881.0      725.51861
1882.0      708.73983
1883.0      679.08872
1884.0      698.73250
1885.0      707.88060
1886.0      688.87880
1887.0      671.75433
1888.0      722.61978
1889.0      727.39557
1890.0      713.75913
1891.0      680.49265
1892.0      709.11319
1893.0      689.53204
1894.0      684.58963
1895.0      638.64867
1896.0      668.54134
1897.0      672.01461
1898.0      701.82341
1899.0      678.88056
1900.0      712.24133
1901.0      701.42324
1902.0      672.01267
1903.0      637.02899
1904.0      659.42985
1905.0      663.99361
1906.0      649.36575
1907.0      645.38612
1908.0      683.14644
1909.0      700.27076
1910.0      718.88074
1911.0      692.25678
1912.0      704.14334
1913.0      687.88113
1914.0      681.32025
1915.0      623.93517
1916.0      645.45662
1917.0      637.15031
1918.0      628.33163
1919.0      585.84584
1920.0      633.40211
1921.0      649.36148
1922.0      665.38872
1923.0      642.76622
1924.0      657.93417
1925.0      655.42330
1926.0      648.39302
1927.0      622.95534
1928.0      633.41379
1929.0      650.47126
1930.0      651.00275
1931.0      631.66862
1932.0      679.59497
1933.0      687.45810
1934.0      666.50723
1935.0      616.27168
1936.0      649.12517
1937.0      621.93428
1938.0      601.36888
1939.0      571.00631
1940.0      622.12736
1941.0      640.34844
1942.0      667.87223
1943.0      647.33958
1944.0      662.73261
1945.0      654.10948
1946.0      634.66085
1947.0      607.37620
1948.0      633.25416
1949.0      636.52303
1950.0      609.92536
1951.0      599.72543
1952.0      656.35801
1953.0      670.19850
1954.0      655.65307
1955.0      614.23918
1956.0      632.44374
1957.0      620.84101
1958.0      619.34591
1959.0      569.52044
1960.0      590.97381
1961.0      592.00675
1962.0      605.44525
1963.0      577.16989
1964.0      621.19467
1965.0      630.59481
1966.0      615.07641
1967.0      581.60619
1968.0      598.00469
1969.0      600.41632
1970.0      581.49384
1971.0      556.30662
1972.0      586.52949
1973.0      620.44917
1974.0      643.25604
1975.0      618.40807
1976.0      639.67619
1977.0      639.33052
1978.0      615.93708
1979.0      554.03868
1980.0      574.65544
1981.0      573.16958
1982.0      574.19328
1983.0      557.00449
1984.0      618.30828
1985.0      635.79827
1986.0      647.72149
1987.0      612.65654
1988.0      613.05369
1989.0      595.36540
1990.0      566.89879
1991.0      519.10576
1992.0      538.96061
1993.0      570.30059
1994.0      580.42492
1995.0      566.59187
1996.0      602.95475
1997.0      609.38480
1998.0      598.23929
1999.0      567.89804
2000.0      589.59912
2001.0      573.90994
2002.0      567.14744
2003.0      540.19579
2004.0      584.50069
2005.0      599.65158
2006.0      631.90401
2007.0      621.79525
2008.0      655.04147
2009.0      642.18041
2010.0      605.44668
2011.0      555.53750
2012.0      560.64213
2013.0      551.71106
2014.0      535.36037
2015.0      534.60838
2016.0      579.92429
2017.0      593.64188
2018.0      596.68292
2019.0      563.47632
2020.0      570.43098
2021.0      558.61072
2022.0      554.68589
2023.0      513.59851
2024.0      545.47691
2025.0      556.49087
2026.0      567.11266
2027.0      550.41522
2028.0      603.07142
2029.0      611.27045
2030.0      594.77324
2031.0      550.16522
2032.0      553.92033
2033.0      540.24033
2034.0      527.81154
2035.0      505.31692
2036.0      530.41755
2037.0      553.47758
2038.0      563.92057
2039.0      539.56615
2040.0      566.42786
2041.0      564.68171
2042.0      543.91640
2043.0      490.69863
2044.0      515.06861
2045.0      504.03801
2046.0      506.59967
2047.0      492.59908
2048.0      546.92532
2049.0      574.61667
2050.0      597.30785
2051.0      564.22266
2052.0      564.55391
2053.0      559.00603
2054.0      539.26803
2055.0      491.58248
2056.0      505.05302
2057.0      520.33863
2058.0      526.12009
2059.0      528.04684
2060.0      590.23934
2061.0      599.33885
2062.0      571.74696
2063.0      518.93779
2064.0      524.91701
2065.0      499.80517
2066.0      492.51337
2067.0      475.24726
2068.0      526.67628
2069.0      552.41199
2070.0      578.41548
2071.0      553.72708
2072.0      567.04380
2073.0      551.70448
2074.0      527.69984
2075.0      495.64861
2076.0      513.13948
2077.0      510.79304
2078.0      504.19207
2079.0      500.70175
2080.0      543.08811
2081.0      547.21575
2082.0      550.14675
2083.0      521.61063
2084.0      531.03856
2085.0      506.23100
2086.0      514.03294
2087.0      493.44756
2088.0      526.90809
2089.0      533.88030
2090.0      551.39539
2091.0      527.05208
2092.0      549.89231
2093.0      556.00138
2094.0      536.50374
2095.0      488.38372
2096.0      491.12195
2097.0      491.59676
2098.0      480.09015
2099.0      471.72319
2100.0      541.37765
2101.0      565.89629
2102.0      559.88716
2103.0      504.14851
2104.0      511.61753
2105.0      480.25538
2106.0      466.22911
2107.0      433.53564
2108.0      470.03016
2109.0      500.67691
2110.0      532.23843
2111.0      519.71644
2112.0      539.02751
2113.0      542.44289
2114.0      516.06495
2115.0      464.76778
2116.0      471.78653
2117.0      482.31280
2118.0      479.43583
2119.0      475.49142
2120.0      529.63647
2121.0      538.84159
2122.0      531.00455
2123.0      481.75397
2124.0      492.20840
2125.0      468.73946
2126.0      464.04999
2127.0      426.86301
2128.0      463.67868
2129.0      499.83741
2130.0      523.68509
2131.0      499.97257
2132.0      513.83679
2133.0      517.52850
2134.0      488.26712
2135.0      446.65246
2136.0      466.14176
2137.0      476.92964
2138.0      466.00462
2139.0      448.60183
2140.0      498.08379
2141.0      507.39838
2142.0      503.54191
2143.0      467.23474
2144.0      483.06139
2145.0      468.69397
2146.0      460.63456
2147.0      426.46823
2148.0      453.45742
2149.0      454.88427
2150.0      451.93001
2151.0      432.18934
2152.0      481.01012
2153.0      496.26496
2154.0      482.90760
2155.0      460.68972
2156.0      473.74939
2157.0      458.71633
2158.0      428.95428
2159.0      402.43161
2160.0      430.18378
2161.0      449.17933
2162.0      476.17095
2163.0      456.86455
2164.0      477.99222
2165.0      466.55700
2166.0      451.62423
2167.0      405.12180
2168.0      418.54570
2169.0      407.60525
2170.0      401.80161
2171.0      400.16352
2172.0      450.42905
2173.0      464.84435
2174.0      466.88365
2175.0      448.95698
2176.0      448.01784
2177.0      428.51355
2178.0      406.00226
2179.0      386.06456
2180.0      412.68248
2181.0      430.80220
2182.0      437.27432
2183.0      422.36822
2184.0      464.72922
2185.0      460.73795
2186.0      445.09599
2187.0      397.35641
2188.0      414.11729
2189.0      398.12669
2190.0      390.50300
2191.0      360.45452
2192.0      390.67885
2193.0      418.06367
2194.0      441.48324
2195.0      426.14638
2196.0      448.86928
2197.0      454.84065
2198.0      427.72133
2199.0      385.07635
2200.0      399.31885
2201.0      403.52221
2202.0      394.85678
2203.0      381.50647
2204.0      436.88097
2205.0      462.33926
2206.0      476.29305
2207.0      437.04240
2208.0      452.94327
2209.0      433.81079
2210.0      416.37191
2211.0      366.44703
2212.0      393.05873
2213.0      404.62806
2214.0      414.99830
2215.0      405.94738
2216.0      451.88115
2217.0      455.77465
2218.0      441.69834
2219.0      415.13511
2220.0      419.62985
2221.0      407.70591
2222.0      390.79336
2223.0      371.20189
2224.0      393.48343
2225.0      410.37836
2226.0      422.94474
2227.0      412.02536
2228.0      452.58792
2229.0      450.79369
2230.0      438.69716
2231.0      393.97641
2232.0      411.65092
2233.0      397.21785
2234.0      391.56462
2235.0      361.42021
2236.0      390.00537
2237.0      407.26311
2238.0      426.87814
2239.0      408.23901
2240.0      412.16585
2241.0      408.67957
2242.0      387.24562
2243.0      359.58888
2244.0      373.50541
2245.0      387.18741
2246.0      391.75354
2247.0      386.41373
2248.0      424.93339
2249.0      428.99081
2250.0      429.17510
2251.0      386.56828
2252.0      396.09791
2253.0      390.55248
2254.0      398.35310
2255.0      361.00411
2256.0      386.64134
2257.0      386.43035
2258.0      388.14303
2259.0      366.19955
2260.0      407.25120
2261.0      408.86042
2262.0      382.70614
2263.0      351.29605
2264.0      359.32199
2265.0      362.06527
2266.0      347.88285
2267.0      331.74338
2268.0      357.69146
2269.0      375.86299
2270.0      385.35730
2271.0      365.04642
2272.0      397.49240
2273.0      391.73106
2274.0      371.61430
2275.0      332.94430
2276.0      361.48880
2277.0      350.73392
2278.0      348.14202
2279.0      346.03782
2280.0      397.33611
2281.0      405.64198
2282.0      405.29190
2283.0      376.31217
2284.0      372.84645
2285.0      370.29119
2286.0      362.41185
2287.0      347.91308
2288.0      358.46538
2289.0      363.03799
2290.0      358.32531
2291.0      349.64736
2292.0      385.26797
2293.0      390.61722
2294.0      385.57001
2295.0      349.14332
2296.0      360.20237
2297.0      357.80287
2298.0      370.66233
2299.0      341.37346
2300.0      365.35732
2301.0      382.78583
2302.0      403.11816
2303.0      374.58296
2304.0      392.82077
2305.0      400.48368
2306.0      378.33232
2307.0      347.55286
2308.0      362.11733
2309.0      366.99636
2310.0      352.18852
2311.0      335.83852
2312.0      356.49419
2313.0      372.48987
2314.0      390.43244
2315.0      366.80784
2316.0      379.47357
2317.0      371.39081
2318.0      352.49378
2319.0      303.43939
2320.0      330.23444
2321.0      338.30239
2322.0      339.10879
2323.0      326.06744
2324.0      367.70528
2325.0      372.75640
2326.0      369.41182
2327.0      350.29980
2328.0      358.43097
2329.0      352.58076
2330.0      345.07886
2331.0      318.34200
2332.0      326.17594
2333.0      337.62735
2334.0      344.47679
2335.0      329.19912
2336.0      366.68309
2337.0      369.42630
2338.0      354.63502
2339.0      318.59790
2340.0      343.55454
2341.0      326.48598
2342.0      318.62494
2343.0      296.20943
2344.0      317.66183
2345.0      323.47233
2346.0      337.08684
2347.0      327.06576
2348.0      333.53146
2349.0      342.11286
2350.0      329.67281
2351.0      303.02729
2352.0      319.97544
2353.0      332.23844
2354.0      322.76858
2355.0      307.82282
2356.0      345.18383
2357.0      362.38044
2358.0      373.64548
2359.0      346.07284
2360.0      343.26935
2361.0      330.75558
2362.0      339.10965
2363.0      300.91917
2364.0      313.66723
2365.0      316.11851
2366.0      326.67093
2367.0      308.80008
2368.0      351.06740
2369.0      360.83464
2370.0      337.06052
2371.0      310.53287
2372.0      326.41015
2373.0      330.11898
2374.0      311.65593
2375.0      291.60660
2376.0      308.15645
2377.0      324.08910
2378.0      344.53106
2379.0      331.81262
2380.0      362.11310
2381.0      358.59321
2382.0      335.12301
2383.0      284.24812
2384.0      311.31579
2385.0      306.47525
2386.0      293.16766
2387.0      273.87150
2388.0      319.86321
2389.0      331.25185
2390.0      337.45617
2391.0      321.10507
2392.0      326.31452
2393.0      323.75030
2394.0      313.70221
2395.0      283.82788
2396.0      289.42695
2397.0      304.07888
2398.0      307.99274
2399.0      303.56609
2400.0      355.25041
2401.0      362.09278
2402.0      340.77609
2403.0      317.70041
2404.0      337.50761
2405.0      310.71133
2406.0      287.33292
2407.0      268.12869
2408.0      291.19493
2409.0      302.39533
2410.0      325.43406
2411.0      316.11042
2412.0      339.00552
2413.0      336.36418
2414.0      317.86987
2415.0      289.77275
2416.0      304.72612
2417.0      298.85104
2418.0      279.46207
2419.0      273.96871
2420.0      301.31121
2421.0      313.77382
2422.0      331.25189
2423.0      314.86168
2424.0      319.75278
2425.0      309.88850
2426.0      310.91133
2427.0      267.87242
2428.0      275.58050
2429.0      284.29175
2430.0      298.51179
2431.0      296.83057
2432.0      345.26557
2433.0      353.45661
2434.0      334.09357
2435.0      295.24053
2436.0      298.60115
2437.0      287.14519
2438.0      275.57706
2439.0      251.46083
2440.0      266.12117
2441.0      293.47881
2442.0      312.45075
2443.0      303.09466
2444.0      331.95522
2445.0      334.22381
2446.0      308.39290
2447.0      265.62655
2448.0      294.47702
2449.0      279.51031
2450.0      265.08939
2451.0      249.14094
2452.0      291.11731
2453.0      306.25875
2454.0      329.94372
2455.0      320.05200
2456.0      321.59137
2457.0      318.41172
2458.0      304.35641
2459.0      269.19483
2460.0      265.14330
2461.0      268.65329
2462.0      260.88543
2463.0      269.52064
2464.0      318.41011
2465.0      328.11843
2466.0      321.05339
2467.0      296.24648
2468.0      294.96808
2469.0      266.04044
2470.0      262.68915
2471.0      232.23985
2472.0      243.14566
2473.0      257.24435
2474.0      291.88647
2475.0      296.33001
2476.0      331.82666
2477.0      334.66788
2478.0      303.69945
2479.0      268.67614
2480.0      276.54756
2481.0      270.18815
2482.0      257.00335
2483.0      255.81583
2484.0      286.32376
2485.0      306.74487
2486.0      328.30684
2487.0      314.29902
2488.0      314.23272
2489.0      306.50698
2490.0      293.63910
2491.0      247.94909
2492.0      258.42277
2493.0      259.34165
2494.0      264.17794
2495.0      258.99201
2496.0      313.68197
2497.0      323.32589
2498.0      312.83321
2499.0      281.17647
2500.0      281.94882
