800.0      259051306.35754
801.0      104673405.86105
802.0      -30156977.12548
803.0      5685.97000
804.0      574.74650
805.0      734.86242
806.0      555.14475
807.0      398.88173
808.0      479.69363
809.0      322.27347
810.0      660.04903
811.0      1037.95258
812.0      1339.36736
813.0      1403.02388
814.0      1449.98875
815.0      1039.65543
816.0      915.37337
817.0      968.56440
818.0      905.84471
819.0      533.26918
820.0      761.58555
821.0      994.30848
822.0      1301.99982
823.0      1492.28450
824.0      1708.63757
825.0      1272.58125
826.0      1110.73398
827.0      929.17185
828.0      1093.51718
829.0      1006.53113
830.0      1125.90594
831.0      915.75660
832.0      1327.38661
833.0      1671.90328
834.0      1741.45840
835.0      1313.12203
836.0      1310.14031
837.0      1136.17900
838.0      996.23733
839.0      954.57050
840.0      1131.47108
841.0      923.75100
842.0      1099.20323
843.0      1378.01206
844.0      1674.90298
845.0      1464.80913
846.0      1421.08444
847.0      1081.33180
848.0      1143.83068
849.0      1115.64302
850.0      1139.89772
851.0      923.25242
852.0      1107.91378
853.0      1267.09830
854.0      1391.35130
855.0      1529.44360
856.0      1615.79672
857.0      1313.14388
858.0      1179.73996
859.0      1105.62640
860.0      1114.19833
861.0      937.79777
862.0      1075.91296
863.0      1083.72497
864.0      1288.21589
865.0      1429.11781
866.0      1543.40971
867.0      1223.17341
868.0      1218.78136
869.0      1131.86417
870.0      1182.51020
871.0      1014.60341
872.0      1142.76255
873.0      1095.60704
874.0      1241.51068
875.0      1351.94774
876.0      1489.85113
877.0      1377.54548
878.0      1291.22828
879.0      1102.29700
880.0      1123.74645
881.0      1205.70101
882.0      1255.36435
883.0      1046.84085
884.0      1161.04367
885.0      1322.31425
886.0      1437.20331
887.0      1315.91110
888.0      1436.42166
889.0      1314.38687
890.0      1270.83843
891.0      1191.74874
892.0      1268.68493
893.0      1152.53965
894.0      1164.23254
895.0      1176.00643
896.0      1350.79207
897.0      1430.33350
898.0      1436.52932
899.0      1224.13703
900.0      1258.91629
901.0      1273.15251
902.0      1230.83414
903.0      1117.58245
904.0      1269.16113
905.0      1330.32907
906.0      1450.64266
907.0      1471.59416
908.0      1588.95002
909.0      1399.30191
910.0      1367.24797
911.0      1264.58506
912.0      1383.61164
913.0      1324.14886
914.0      1305.26981
915.0      1180.33856
916.0      1349.24146
917.0      1451.63385
918.0      1484.24538
919.0      1377.42306
920.0      1460.05946
921.0      1433.46343
922.0      1368.14812
923.0      1276.22990
924.0      1298.30423
925.0      1266.95529
926.0      1338.99322
927.0      1386.98050
928.0      1501.62229
929.0      1530.36105
930.0      1586.19129
931.0      1422.89156
932.0      1503.64566
933.0      1487.54155
934.0      1471.46059
935.0      1267.66502
936.0      1388.20287
937.0      1452.61158
938.0      1501.93107
939.0      1469.04780
940.0      1546.44213
941.0      1519.73123
942.0      1526.02815
943.0      1436.94446
944.0      1450.64262
945.0      1415.31890
946.0      1437.60873
947.0      1374.77009
948.0      1510.64159
949.0      1605.75643
950.0      1605.45501
951.0      1458.81408
952.0      1589.53981
953.0      1590.93532
954.0      1573.66195
955.0      1404.56892
956.0      1492.82387
957.0      1443.32900
958.0      1420.25739
959.0      1321.28271
960.0      1425.58017
961.0      1562.78448
962.0      1651.49949
963.0      1559.77636
964.0      1596.06448
965.0      1591.88411
966.0      1477.61021
967.0      1308.61666
968.0      1440.25410
969.0      1526.40317
970.0      1555.48914
971.0      1530.45236
972.0      1658.90496
973.0      1575.14596
974.0      1512.60890
975.0      1397.24680
976.0      1495.98501
977.0      1495.31587
978.0      1519.83671
979.0      1462.79391
980.0      1619.16341
981.0      1742.19700
982.0      1822.02725
983.0      1772.57729
984.0      1836.82049
985.0      1766.39624
986.0      1657.31163
987.0      1553.71217
988.0      1647.86735
989.0      1669.37077
990.0      1718.19857
991.0      1720.27075
992.0      1846.49133
993.0      1850.84936
994.0      1889.12512
995.0      1768.75266
996.0      1828.71111
997.0      1780.64183
998.0      1762.66444
999.0      1608.84452
1000.0      1695.09741
1001.0      1752.31221
1002.0      1835.33535
1003.0      1876.58755
1004.0      1969.30351
1005.0      1911.80468
1006.0      1824.95810
1007.0      1722.18084
1008.0      1739.53750
1009.0      1700.64539
1010.0      1698.40716
1011.0      1665.67540
1012.0      1814.15007
1013.0      1912.26257
1014.0      1914.95311
1015.0      1761.64088
1016.0      1828.47171
1017.0      1779.06820
1018.0      1747.44162
1019.0      1585.15863
1020.0      1683.82811
1021.0      1678.21116
1022.0      1783.50603
1023.0      1822.65197
1024.0      1932.13620
1025.0      1883.47760
1026.0      1818.37431
1027.0      1718.31221
1028.0      1815.84016
1029.0      1838.82095
1030.0      1806.58167
1031.0      1694.01533
1032.0      1842.10367
1033.0      1940.67154
1034.0      1997.29100
1035.0      1944.91486
1036.0      2038.04462
1037.0      1978.23861
1038.0      1952.33277
1039.0      1844.14328
1040.0      1890.53099
1041.0      1826.19607
1042.0      1855.64949
1043.0      1849.04554
1044.0      2013.05058
1045.0      2078.38641
1046.0      2069.76719
1047.0      1949.29267
1048.0      1984.26626
1049.0      1965.16144
1050.0      1894.03236
1051.0      1813.85562
1052.0      1874.76054
1053.0      1894.01452
1054.0      1971.46209
1055.0      2017.54075
1056.0      2122.61959
1057.0      2075.44398
1058.0      2070.10194
1059.0      1954.23955
1060.0      1974.84898
1061.0      1930.47799
1062.0      1953.57452
1063.0      1926.14565
1064.0      2085.15909
1065.0      2146.02170
1066.0      2154.57087
1067.0      2062.45357
1068.0      2089.39853
1069.0      2063.11534
1070.0      2040.40702
1071.0      1968.67198
1072.0      1974.56221
1073.0      1993.88011
1074.0      2097.41624
1075.0      2122.62562
1076.0      2192.99797
1077.0      2182.25793
1078.0      2173.18868
1079.0      2051.51971
1080.0      2075.65951
1081.0      2025.07150
1082.0      1988.47753
1083.0      1906.42523
1084.0      2048.44413
1085.0      2119.27662
1086.0      2152.30917
1087.0      2111.97621
1088.0      2185.34431
1089.0      2198.41192
1090.0      2148.65126
1091.0      2028.81914
1092.0      2035.59577
1093.0      2049.17038
1094.0      2097.26016
1095.0      2077.13898
1096.0      2194.49046
1097.0      2231.70838
1098.0      2270.33766
1099.0      2238.54100
1100.0      2313.46622
1101.0      2244.44689
1102.0      2166.99374
1103.0      2080.81577
1104.0      2179.04422
1105.0      2219.67277
1106.0      2269.63073
1107.0      2242.36997
1108.0      2307.74886
1109.0      2314.56638
1110.0      2301.35055
1111.0      2212.32478
1112.0      2211.17967
1113.0      2182.92742
1114.0      2172.76221
1115.0      2171.44340
1116.0      2278.71703
1117.0      2310.73224
1118.0      2323.85544
1119.0      2276.79187
1120.0      2324.78793
1121.0      2255.68118
1122.0      2207.44107
1123.0      2094.62150
1124.0      2145.14130
1125.0      2165.96610
1126.0      2205.02248
1127.0      2197.96386
1128.0      2298.96019
1129.0      2343.08117
1130.0      2337.93731
1131.0      2251.30794
1132.0      2242.44581
1133.0      2173.24534
1134.0      2141.73932
1135.0      2117.32523
1136.0      2194.12940
1137.0      2227.66999
1138.0      2290.66666
1139.0      2305.83266
1140.0      2406.20175
1141.0      2391.91542
1142.0      2348.81139
1143.0      2199.28505
1144.0      2229.48126
1145.0      2230.85795
1146.0      2249.78166
1147.0      2203.30772
1148.0      2301.83874
1149.0      2360.57407
1150.0      2396.23980
1151.0      2355.70399
1152.0      2358.68965
1153.0      2302.54767
1154.0      2251.95168
1155.0      2201.32018
1156.0      2256.74620
1157.0      2293.78267
1158.0      2322.14445
1159.0      2294.71515
1160.0      2390.98953
1161.0      2427.30553
1162.0      2402.59304
1163.0      2273.11931
1164.0      2293.46389
1165.0      2271.97085
1166.0      2281.36684
1167.0      2237.36693
1168.0      2333.65278
1169.0      2351.27764
1170.0      2403.38859
1171.0      2412.74969
1172.0      2482.04055
1173.0      2446.68009
1174.0      2381.44397
1175.0      2300.87774
1176.0      2347.96147
1177.0      2351.78991
1178.0      2331.93744
1179.0      2302.95926
1180.0      2430.17104
1181.0      2496.82859
1182.0      2492.91887
1183.0      2414.33643
1184.0      2409.23546
1185.0      2348.12390
1186.0      2340.16377
1187.0      2300.34040
1188.0      2340.53002
1189.0      2323.84758
1190.0      2371.53320
1191.0      2386.63596
1192.0      2463.68437
1193.0      2474.02640
1194.0      2430.96951
1195.0      2332.52867
1196.0      2350.49992
1197.0      2344.83608
1198.0      2320.08237
1199.0      2262.11868
1200.0      2329.75240
1201.0      2379.44780
1202.0      2423.35983
1203.0      2370.52636
1204.0      2364.36902
1205.0      2312.52020
1206.0      2310.91021
1207.0      2256.13689
1208.0      2326.13141
1209.0      2321.15095
1210.0      2324.48944
1211.0      2285.68897
1212.0      2401.69193
1213.0      2440.44006
1214.0      2425.09900
1215.0      2351.78045
1216.0      2370.28412
1217.0      2355.25275
1218.0      2335.86921
1219.0      2279.34367
1220.0      2301.05864
1221.0      2318.76119
1222.0      2369.58732
1223.0      2358.43796
1224.0      2419.73305
1225.0      2405.69919
1226.0      2371.34073
1227.0      2291.45315
1228.0      2351.19908
1229.0      2336.46398
1230.0      2325.06432
1231.0      2288.47077
1232.0      2398.90448
1233.0      2437.45856
1234.0      2467.46604
1235.0      2419.44275
1236.0      2431.61519
1237.0      2407.36947
1238.0      2378.08762
1239.0      2303.45416
1240.0      2325.36216
1241.0      2334.71491
1242.0      2350.32267
1243.0      2315.71476
1244.0      2397.94703
1245.0      2418.92605
1246.0      2417.03232
1247.0      2334.08972
1248.0      2365.43425
1249.0      2350.17725
1250.0      2367.00632
1251.0      2319.49700
1252.0      2404.64773
1253.0      2408.38490
1254.0      2406.13179
1255.0      2357.34893
1256.0      2433.18309
1257.0      2464.42990
1258.0      2455.47430
1259.0      2390.79817
1260.0      2393.58675
1261.0      2386.80557
1262.0      2408.00730
1263.0      2403.53888
1264.0      2432.87624
1265.0      2404.28192
1266.0      2403.78050
1267.0      2375.29422
1268.0      2419.96111
1269.0      2397.96089
1270.0      2389.66511
1271.0      2307.90723
1272.0      2353.38986
1273.0      2370.25112
1274.0      2393.07278
1275.0      2353.21124
1276.0      2424.44863
1277.0      2447.00452
1278.0      2439.10337
1279.0      2358.09450
1280.0      2378.87178
1281.0      2362.10704
1282.0      2350.32876
1283.0      2311.01999
1284.0      2359.61809
1285.0      2395.91005
1286.0      2421.06600
1287.0      2386.66221
1288.0      2426.21687
1289.0      2426.04151
1290.0      2406.83782
1291.0      2321.44715
1292.0      2386.96497
1293.0      2399.37073
1294.0      2386.27648
1295.0      2312.94667
1296.0      2369.32525
1297.0      2402.25495
1298.0      2428.22772
1299.0      2386.82550
1300.0      2406.11688
1301.0      2380.51445
1302.0      2352.75850
1303.0      2310.94275
1304.0      2365.13405
1305.0      2373.37189
1306.0      2352.58600
1307.0      2322.04543
1308.0      2408.64082
1309.0      2434.70936
1310.0      2415.53526
1311.0      2339.57310
1312.0      2375.30397
1313.0      2355.02000
1314.0      2341.21278
1315.0      2265.97439
1316.0      2307.08926
1317.0      2314.70458
1318.0      2367.20169
1319.0      2351.22551
1320.0      2401.95332
1321.0      2362.42357
1322.0      2310.93754
1323.0      2244.12952
1324.0      2304.62585
1325.0      2314.91089
1326.0      2291.49132
1327.0      2238.95483
1328.0      2313.83141
1329.0      2362.10317
1330.0      2376.68279
1331.0      2304.43904
1332.0      2332.72757
1333.0      2336.06489
1334.0      2358.20391
1335.0      2289.98737
1336.0      2334.52025
1337.0      2329.44972
1338.0      2341.82958
1339.0      2301.59504
1340.0      2376.32886
1341.0      2383.82079
1342.0      2355.19226
1343.0      2272.49477
1344.0      2327.98100
1345.0      2337.45721
1346.0      2320.23644
1347.0      2255.17976
1348.0      2309.24878
1349.0      2342.45659
1350.0      2358.72663
1351.0      2332.34251
1352.0      2377.20583
1353.0      2352.93030
1354.0      2320.68577
1355.0      2220.06839
1356.0      2254.84588
1357.0      2246.59502
1358.0      2267.97087
1359.0      2236.32549
1360.0      2311.62896
1361.0      2341.63795
1362.0      2356.95834
1363.0      2315.18829
1364.0      2336.30958
1365.0      2312.74662
1366.0      2263.15063
1367.0      2195.18808
1368.0      2239.92864
1369.0      2275.04131
1370.0      2276.88432
1371.0      2245.99591
1372.0      2300.06579
1373.0      2319.92126
1374.0      2317.21456
1375.0      2254.77143
1376.0      2293.93277
1377.0      2266.01753
1378.0      2243.56992
1379.0      2182.58121
1380.0      2242.37508
1381.0      2235.27404
1382.0      2250.56188
1383.0      2236.12719
1384.0      2297.52921
1385.0      2294.89174
1386.0      2273.51516
1387.0      2218.44475
1388.0      2249.32206
1389.0      2252.73997
1390.0      2240.15907
1391.0      2192.93969
1392.0      2253.27768
1393.0      2275.79397
1394.0      2280.53851
1395.0      2242.01862
1396.0      2266.86796
1397.0      2219.07500
1398.0      2188.56182
1399.0      2142.27880
1400.0      2193.47024
1401.0      2185.16461
1402.0      2216.51348
1403.0      2193.26840
1404.0      2250.49422
1405.0      2258.40801
1406.0      2229.84945
1407.0      2139.64233
1408.0      2145.72989
1409.0      2148.23234
1410.0      2144.33919
1411.0      2106.97628
1412.0      2172.25427
1413.0      2204.96507
1414.0      2251.12348
1415.0      2254.24082
1416.0      2290.90375
1417.0      2240.60118
1418.0      2198.47855
1419.0      2119.28989
1420.0      2153.39545
1421.0      2123.97174
1422.0      2112.22312
1423.0      2052.46372
1424.0      2151.89131
1425.0      2185.79033
1426.0      2173.84479
1427.0      2095.89110
1428.0      2130.44464
1429.0      2116.93704
1430.0      2099.29734
1431.0      2052.54694
1432.0      2095.24419
1433.0      2104.03678
1434.0      2132.30795
1435.0      2140.86174
1436.0      2201.00299
1437.0      2195.39065
1438.0      2156.02794
1439.0      2076.11005
1440.0      2118.97319
1441.0      2133.80148
1442.0      2134.01145
1443.0      2075.95612
1444.0      2152.60395
1445.0      2193.36532
1446.0      2229.14728
1447.0      2182.59785
1448.0      2190.87465
1449.0      2145.79098
1450.0      2120.57460
1451.0      2067.37609
1452.0      2093.51551
1453.0      2094.87729
1454.0      2093.63343
1455.0      2073.90295
1456.0      2159.24519
1457.0      2190.53853
1458.0      2170.26963
1459.0      2093.97934
1460.0      2119.51867
1461.0      2095.77058
1462.0      2081.28319
1463.0      2028.24127
1464.0      2070.84872
1465.0      2074.80934
1466.0      2126.24846
1467.0      2122.57397
1468.0      2181.36074
1469.0      2170.83592
1470.0      2133.78554
1471.0      2062.50740
1472.0      2081.94094
1473.0      2059.22125
1474.0      2006.32259
1475.0      1974.23263
1476.0      2062.57422
1477.0      2111.41275
1478.0      2133.94499
1479.0      2101.69148
1480.0      2121.94461
1481.0      2096.37744
1482.0      2086.50418
1483.0      2000.32365
1484.0      2010.93195
1485.0      2010.29945
1486.0      2053.70355
1487.0      2031.97472
1488.0      2111.29018
1489.0      2128.14342
1490.0      2118.80402
1491.0      2055.14713
1492.0      2085.94710
1493.0      2053.91849
1494.0      1999.87625
1495.0      1930.17657
1496.0      1967.59857
1497.0      2019.38981
1498.0      2063.26132
1499.0      2054.43690
1500.0      2085.84051
1501.0      2088.26716
1502.0      2070.36313
1503.0      1982.49406
1504.0      1984.72949
1505.0      1934.74807
1506.0      1921.16318
1507.0      1901.19548
1508.0      1996.01495
1509.0      2020.63372
1510.0      2034.98433
1511.0      2006.99549
1512.0      2033.35147
1513.0      1983.00313
1514.0      1928.47532
1515.0      1875.80332
1516.0      1920.72485
1517.0      1954.25119
1518.0      1959.37913
1519.0      1948.41147
1520.0      2002.85531
1521.0      2029.28083
1522.0      2029.22824
1523.0      1964.85720
1524.0      1953.63731
1525.0      1876.60150
1526.0      1850.67191
1527.0      1810.27566
1528.0      1881.45258
1529.0      1906.50260
1530.0      1953.92349
1531.0      1928.46583
1532.0      1962.43652
1533.0      1949.94521
1534.0      1923.44381
1535.0      1849.91509
1536.0      1863.14648
1537.0      1865.77443
1538.0      1864.77092
1539.0      1843.64905
1540.0      1911.87287
1541.0      1944.37057
1542.0      1960.55077
1543.0      1928.32085
1544.0      1950.03696
1545.0      1911.50299
1546.0      1884.75004
1547.0      1818.44741
1548.0      1856.44395
1549.0      1849.74715
1550.0      1872.57924
1551.0      1830.83556
1552.0      1914.74345
1553.0      1957.56036
1554.0      1963.76541
1555.0      1877.58876
1556.0      1865.75549
1557.0      1834.76379
1558.0      1816.88451
1559.0      1789.42662
1560.0      1832.60274
1561.0      1858.58617
1562.0      1897.52473
1563.0      1901.51950
1564.0      1926.28346
1565.0      1875.94030
1566.0      1819.77793
1567.0      1736.27306
1568.0      1791.03476
1569.0      1807.01200
1570.0      1827.81575
1571.0      1779.15491
1572.0      1852.20990
1573.0      1877.88538
1574.0      1896.23899
1575.0      1836.57383
1576.0      1828.46175
1577.0      1783.89231
1578.0      1775.41526
1579.0      1746.07243
1580.0      1768.11064
1581.0      1762.12566
1582.0      1772.29131
1583.0      1788.32708
1584.0      1862.24725
1585.0      1873.34271
1586.0      1832.40881
1587.0      1741.95348
1588.0      1758.20156
1589.0      1740.46527
1590.0      1740.00397
1591.0      1688.87644
1592.0      1738.89341
1593.0      1754.63412
1594.0      1820.00874
1595.0      1818.60268
1596.0      1830.98711
1597.0      1772.35915
1598.0      1741.99941
1599.0      1685.43435
1600.0      1702.72092
1601.0      1711.88087
1602.0      1725.48026
1603.0      1717.71844
1604.0      1799.59456
1605.0      1834.59119
1606.0      1825.94749
1607.0      1750.94386
1608.0      1749.08314
1609.0      1714.29024
1610.0      1712.38532
1611.0      1663.95330
1612.0      1701.75150
1613.0      1704.99230
1614.0      1774.30516
1615.0      1778.41707
1616.0      1822.92932
1617.0      1769.45157
1618.0      1715.18204
1619.0      1655.08888
1620.0      1683.99562
1621.0      1683.39088
1622.0      1648.00979
1623.0      1605.15512
1624.0      1655.46575
1625.0      1686.85708
1626.0      1713.43753
1627.0      1695.90034
1628.0      1716.56491
1629.0      1678.03424
1630.0      1672.82256
1631.0      1635.26697
1632.0      1674.07928
1633.0      1664.66648
1634.0      1687.17989
1635.0      1671.60472
1636.0      1757.99533
1637.0      1774.78110
1638.0      1766.38949
1639.0      1728.14820
1640.0      1764.30383
1641.0      1742.35011
1642.0      1697.49547
1643.0      1653.46401
1644.0      1674.17958
1645.0      1685.17973
1646.0      1700.82004
1647.0      1672.14739
1648.0      1676.08318
1649.0      1647.62231
1650.0      1640.02054
1651.0      1586.21142
1652.0      1631.41664
1653.0      1632.57375
1654.0      1644.54724
1655.0      1608.88883
1656.0      1669.64424
1657.0      1676.50217
1658.0      1693.47134
1659.0      1657.64631
1660.0      1661.22393
1661.0      1616.12496
1662.0      1593.86626
1663.0      1541.14769
1664.0      1554.97099
1665.0      1584.54608
1666.0      1602.93195
1667.0      1567.40871
1668.0      1597.72412
1669.0      1602.53643
1670.0      1580.27858
1671.0      1506.07834
1672.0      1537.28290
1673.0      1504.14709
1674.0      1501.67141
1675.0      1464.01928
1676.0      1529.39316
1677.0      1526.15841
1678.0      1559.67492
1679.0      1527.23317
1680.0      1552.84959
1681.0      1525.02085
1682.0      1500.17755
1683.0      1445.10559
1684.0      1491.89154
1685.0      1515.57824
1686.0      1495.39321
1687.0      1444.34740
1688.0      1488.10190
1689.0      1504.82642
1690.0      1516.77594
1691.0      1492.31662
1692.0      1521.22784
1693.0      1482.36685
1694.0      1480.27613
1695.0      1414.67938
1696.0      1446.39630
1697.0      1416.43414
1698.0      1422.73890
1699.0      1365.25857
1700.0      1428.76943
1701.0      1450.67711
1702.0      1454.32560
1703.0      1416.51573
1704.0      1453.00075
1705.0      1445.56180
1706.0      1431.37980
1707.0      1399.36235
1708.0      1427.76946
1709.0      1423.75402
1710.0      1441.05778
1711.0      1429.71240
1712.0      1461.53788
1713.0      1449.85635
1714.0      1451.12427
1715.0      1407.17094
1716.0      1457.46704
1717.0      1438.70448
1718.0      1436.86071
1719.0      1411.42737
1720.0      1495.12029
1721.0      1520.23175
1722.0      1523.33361
1723.0      1485.84282
1724.0      1486.89329
1725.0      1470.89174
1726.0      1486.61346
1727.0      1469.99194
1728.0      1481.73484
1729.0      1468.99970
1730.0      1482.84747
1731.0      1469.35223
1732.0      1495.71869
1733.0      1492.47930
1734.0      1494.92515
1735.0      1465.47124
1736.0      1516.27866
1737.0      1508.39635
1738.0      1510.22014
1739.0      1452.01355
1740.0      1485.22250
1741.0      1491.04664
1742.0      1522.06465
1743.0      1496.02991
1744.0      1528.80730
1745.0      1559.71661
1746.0      1577.64193
1747.0      1534.18016
1748.0      1537.08050
1749.0      1530.35250
1750.0      1515.91978
1751.0      1489.99915
1752.0      1540.04241
1753.0      1558.78544
1754.0      1566.96516
1755.0      1537.81132
1756.0      1559.18366
1757.0      1534.37006
1758.0      1537.25838
1759.0      1498.98942
1760.0      1534.12447
1761.0      1522.87515
1762.0      1541.30290
1763.0      1518.32295
1764.0      1565.51694
1765.0      1568.86766
1766.0      1557.02168
1767.0      1526.89056
1768.0      1547.77138
1769.0      1541.49745
1770.0      1537.44245
1771.0      1525.54438
1772.0      1556.82724
1773.0      1544.39365
1774.0      1548.38537
1775.0      1518.49424
1776.0      1545.20783
1777.0      1547.80284
1778.0      1554.83319
1779.0      1505.06896
1780.0      1519.55851
1781.0      1497.21000
1782.0      1489.44964
1783.0      1442.86603
1784.0      1489.13319
1785.0      1499.05969
1786.0      1522.96356
1787.0      1517.55768
1788.0      1547.84385
1789.0      1534.42851
1790.0      1511.68303
1791.0      1478.65098
1792.0      1492.77118
1793.0      1488.31392
1794.0      1480.89771
1795.0      1461.85966
1796.0      1528.89876
1797.0      1558.04520
1798.0      1545.50831
1799.0      1460.86543
1800.0      1467.71073
1801.0      1447.71489
1802.0      1458.78256
1803.0      1428.98785
1804.0      1465.28704
1805.0      1455.58858
1806.0      1476.27769
1807.0      1477.49161
1808.0      1514.70307
1809.0      1500.48447
1810.0      1479.53177
1811.0      1437.86683
1812.0      1453.58635
1813.0      1462.82517
1814.0      1449.41208
1815.0      1412.24212
1816.0      1441.72932
1817.0      1465.96378
1818.0      1479.06155
1819.0      1447.23521
1820.0      1470.58105
1821.0      1443.90334
1822.0      1446.41442
1823.0      1419.37401
1824.0      1444.71736
1825.0      1413.48181
1826.0      1410.12055
1827.0      1395.12174
1828.0      1452.09468
1829.0      1469.29171
1830.0      1451.88188
1831.0      1401.65705
1832.0      1427.05723
1833.0      1432.44676
1834.0      1385.36346
1835.0      1336.92368
1836.0      1357.79389
1837.0      1380.32774
1838.0      1408.50944
1839.0      1413.52389
1840.0      1428.58453
1841.0      1383.62623
1842.0      1381.39907
1843.0      1363.33509
1844.0      1405.69868
1845.0      1381.10701
1846.0      1369.40391
1847.0      1340.32410
1848.0      1413.01936
1849.0      1433.13608
1850.0      1424.32032
1851.0      1386.33871
1852.0      1408.43056
1853.0      1396.21996
1854.0      1376.00598
1855.0      1352.90618
1856.0      1351.78671
1857.0      1335.16656
1858.0      1354.70808
1859.0      1376.20277
1860.0      1419.14586
1861.0      1402.66887
1862.0      1382.31905
1863.0      1327.05815
1864.0      1364.06811
1865.0      1360.23649
1866.0      1338.98079
1867.0      1272.76262
1868.0      1307.98162
1869.0      1341.89983
1870.0      1378.35484
1871.0      1367.57764
1872.0      1385.38716
1873.0      1378.97830
1874.0      1366.22747
1875.0      1302.73528
1876.0      1292.84079
1877.0      1297.24125
1878.0      1311.78195
1879.0      1308.88694
1880.0      1368.52219
1881.0      1393.29426
1882.0      1384.10175
1883.0      1333.51546
1884.0      1362.22515
1885.0      1330.58522
1886.0      1309.32017
1887.0      1250.43492
1888.0      1276.40091
1889.0      1286.96057
1890.0      1333.38599
1891.0      1336.11068
1892.0      1359.25196
1893.0      1353.98284
1894.0      1344.36355
1895.0      1310.58639
1896.0      1326.40643
1897.0      1314.34062
1898.0      1284.03737
1899.0      1245.33939
1900.0      1287.93841
1901.0      1305.23730
1902.0      1316.22770
1903.0      1302.29923
1904.0      1343.18866
1905.0      1324.19861
1906.0      1307.37475
1907.0      1246.14663
1908.0      1257.17026
1909.0      1243.77593
1910.0      1263.96967
1911.0      1250.23905
1912.0      1301.98641
1913.0      1321.94750
1914.0      1318.16000
1915.0      1285.66775
1916.0      1302.42626
1917.0      1285.69496
1918.0      1245.78279
1919.0      1199.95513
1920.0      1233.02092
1921.0      1249.65870
1922.0      1285.69979
1923.0      1277.63770
1924.0      1308.31874
1925.0      1298.11017
1926.0      1290.16225
1927.0      1225.73168
1928.0      1223.24014
1929.0      1206.16547
1930.0      1223.59012
1931.0      1210.15072
1932.0      1263.93506
1933.0      1281.54948
1934.0      1304.31422
1935.0      1285.32735
1936.0      1280.90533
1937.0      1243.44746
1938.0      1206.92731
1939.0      1164.53642
1940.0      1184.00269
1941.0      1200.03030
1942.0      1222.27983
1943.0      1210.43205
1944.0      1256.75768
1945.0      1285.27275
1946.0      1296.95499
1947.0      1241.95082
1948.0      1239.71852
1949.0      1211.21848
1950.0      1202.52635
1951.0      1159.20449
1952.0      1189.09787
1953.0      1196.62976
1954.0      1238.20873
1955.0      1252.32846
1956.0      1289.19482
1957.0      1269.01189
1958.0      1223.36641
1959.0      1161.59785
1960.0      1170.64735
1961.0      1170.21341
1962.0      1153.14224
1963.0      1131.94389
1964.0      1184.09287
1965.0      1212.07409
1966.0      1224.20449
1967.0      1200.26273
1968.0      1215.31374
1969.0      1180.28242
1970.0      1164.23047
1971.0      1125.82765
1972.0      1149.03769
1973.0      1142.08657
1974.0      1155.75266
1975.0      1154.64459
1976.0      1211.78549
1977.0      1232.53329
1978.0      1221.79369
1979.0      1176.42842
1980.0      1179.75699
1981.0      1172.09719
1982.0      1170.50911
1983.0      1152.24506
1984.0      1173.04824
1985.0      1176.62468
1986.0      1213.80691
1987.0      1210.83372
1988.0      1232.06573
1989.0      1206.48786
1990.0      1196.76841
1991.0      1144.23080
1992.0      1151.91103
1993.0      1138.29333
1994.0      1139.54505
1995.0      1120.68032
1996.0      1181.33511
1997.0      1206.05342
1998.0      1212.55101
1999.0      1171.76361
2000.0      1170.20519
2001.0      1147.73126
2002.0      1121.74030
2003.0      1086.31053
2004.0      1102.75596
2005.0      1119.98414
2006.0      1151.12905
2007.0      1152.73659
2008.0      1194.55403
2009.0      1186.23032
2010.0      1165.14138
2011.0      1107.78737
2012.0      1120.12877
2013.0      1095.73970
2014.0      1080.86818
2015.0      1045.61873
2016.0      1083.70619
2017.0      1098.41850
2018.0      1124.50556
2019.0      1114.29259
2020.0      1134.37660
2021.0      1126.57125
2022.0      1112.79718
2023.0      1067.69330
2024.0      1068.97908
2025.0      1063.19121
2026.0      1064.16564
2027.0      1057.35672
2028.0      1109.66250
2029.0      1123.76566
2030.0      1112.11478
2031.0      1066.48330
2032.0      1081.34953
2033.0      1053.74812
2034.0      1044.25644
2035.0      1023.86808
2036.0      1071.36762
2037.0      1084.11674
2038.0      1102.71722
2039.0      1099.66184
2040.0      1133.64204
2041.0      1132.92258
2042.0      1120.07314
2043.0      1071.62385
2044.0      1069.39672
2045.0      1044.83578
2046.0      1032.57231
2047.0      1026.75099
2048.0      1078.38839
2049.0      1094.04870
2050.0      1101.49435
2051.0      1087.21228
2052.0      1102.29229
2053.0      1067.82753
2054.0      1052.01998
2055.0      1004.31941
2056.0      1023.52463
2057.0      1026.64806
2058.0      1046.75560
2059.0      1029.59654
2060.0      1067.20910
2061.0      1083.62235
2062.0      1090.22516
2063.0      1053.53494
2064.0      1044.64267
2065.0      1006.97436
2066.0      994.36173
2067.0      978.60045
2068.0      1011.84073
2069.0      1019.07002
2070.0      1040.76893
2071.0      1032.42675
2072.0      1068.69490
2073.0      1064.41075
2074.0      1038.09350
2075.0      959.87154
2076.0      966.78604
2077.0      973.64367
2078.0      988.59933
2079.0      966.14602
2080.0      1004.24285
2081.0      1016.46501
2082.0      1035.53433
2083.0      1028.72827
2084.0      1037.32511
2085.0      1008.45382
2086.0      990.55566
2087.0      965.50556
2088.0      984.13320
2089.0      982.53093
2090.0      984.60877
2091.0      973.00434
2092.0      1028.24164
2093.0      1046.97090
2094.0      1033.16764
2095.0      982.97462
2096.0      997.13596
2097.0      976.17578
2098.0      981.65687
2099.0      962.54813
2100.0      989.98424
2101.0      977.92110
2102.0      999.98453
2103.0      995.16293
2104.0      1010.48921
2105.0      992.42586
2106.0      974.07781
2107.0      931.38802
2108.0      956.30022
2109.0      970.26471
2110.0      975.49022
2111.0      952.66840
2112.0      1002.33392
2113.0      1033.76628
2114.0      1046.00252
2115.0      1009.00562
2116.0      995.97994
2117.0      956.35400
2118.0      962.22054
2119.0      940.65784
2120.0      958.06633
2121.0      940.32380
2122.0      954.43295
2123.0      945.15483
2124.0      988.97925
2125.0      996.52389
2126.0      976.14233
2127.0      923.65756
2128.0      932.90490
2129.0      927.51135
2130.0      921.24580
2131.0      899.04370
2132.0      924.04403
2133.0      928.02015
2134.0      950.71825
2135.0      944.74356
2136.0      962.17162
2137.0      949.62432
2138.0      946.36852
2139.0      908.02395
2140.0      925.32215
2141.0      922.12772
2142.0      914.69988
2143.0      879.50077
2144.0      925.50764
2145.0      937.65912
2146.0      942.25458
2147.0      909.31643
2148.0      922.29489
2149.0      902.57081
2150.0      898.05728
2151.0      873.40326
2152.0      891.04113
2153.0      903.71353
2154.0      934.00311
2155.0      931.24920
2156.0      960.41254
2157.0      957.46692
2158.0      938.34933
2159.0      889.53990
2160.0      902.44605
2161.0      885.31386
2162.0      874.50878
2163.0      853.17208
2164.0      900.12909
2165.0      899.89239
2166.0      905.40608
2167.0      881.33607
2168.0      902.96581
2169.0      891.14768
2170.0      889.38864
2171.0      856.14607
2172.0      871.82762
2173.0      873.31965
2174.0      879.72262
2175.0      864.18862
2176.0      901.48878
2177.0      907.22830
2178.0      901.82701
2179.0      878.10223
2180.0      904.48315
2181.0      887.69030
2182.0      883.26862
2183.0      850.64075
2184.0      881.78678
2185.0      885.68661
2186.0      901.67052
2187.0      869.22711
2188.0      886.21435
2189.0      885.94377
2190.0      872.29482
2191.0      827.59103
2192.0      842.51338
2193.0      852.68707
2194.0      853.13048
2195.0      839.16515
2196.0      866.90136
2197.0      871.71331
2198.0      874.65119
2199.0      857.58597
2200.0      874.50492
2201.0      858.54699
2202.0      857.92843
2203.0      820.48050
2204.0      850.97749
2205.0      857.38574
2206.0      867.06555
2207.0      829.96698
2208.0      861.55620
2209.0      878.25842
2210.0      888.86594
2211.0      858.20350
2212.0      865.62799
2213.0      850.38863
2214.0      838.27020
2215.0      821.28609
2216.0      832.90153
2217.0      821.56427
2218.0      814.60700
2219.0      806.95218
2220.0      847.13709
2221.0      853.02022
2222.0      847.62993
2223.0      802.17270
2224.0      827.57278
2225.0      820.92533
2226.0      812.55307
2227.0      781.11402
2228.0      819.15570
2229.0      824.26675
2230.0      838.16810
2231.0      826.09596
2232.0      844.16168
2233.0      824.22987
2234.0      815.08244
2235.0      796.12421
2236.0      813.73684
2237.0      814.49317
2238.0      820.25284
2239.0      811.21851
2240.0      842.23932
2241.0      839.81580
2242.0      831.08006
2243.0      794.63327
2244.0      822.38616
2245.0      811.29392
2246.0      807.37063
2247.0      777.51064
2248.0      798.20173
2249.0      785.63673
2250.0      793.27821
2251.0      780.57397
2252.0      801.11199
2253.0      802.82142
2254.0      803.60735
2255.0      771.72463
2256.0      790.28399
2257.0      785.86506
2258.0      771.74132
2259.0      736.68717
2260.0      762.56515
2261.0      777.65237
2262.0      792.80190
2263.0      792.11460
2264.0      816.86132
2265.0      796.07319
2266.0      797.93465
2267.0      763.99596
2268.0      773.57058
2269.0      741.75102
2270.0      748.50141
2271.0      723.58655
2272.0      764.72970
2273.0      778.88859
2274.0      778.22478
2275.0      741.19614
2276.0      762.47602
2277.0      763.65682
2278.0      756.34695
2279.0      727.86989
2280.0      744.08871
2281.0      743.07236
2282.0      751.84246
2283.0      734.35512
2284.0      754.67056
2285.0      757.22110
2286.0      765.28087
2287.0      731.35328
2288.0      758.94743
2289.0      762.25543
2290.0      757.44331
2291.0      706.67177
2292.0      735.47064
2293.0      730.56942
2294.0      733.05839
2295.0      711.85871
2296.0      746.98545
2297.0      748.24514
2298.0      744.78865
2299.0      720.39200
2300.0      709.65209
2301.0      693.43213
2302.0      693.70836
2303.0      683.12211
2304.0      710.63035
2305.0      733.01182
2306.0      750.75647
2307.0      727.55491
2308.0      740.79791
2309.0      715.81509
2310.0      709.96114
2311.0      695.06532
2312.0      734.35298
2313.0      713.66266
2314.0      718.44112
2315.0      700.54657
2316.0      734.02078
2317.0      752.56650
2318.0      763.13311
2319.0      721.05314
2320.0      708.20136
2321.0      707.17874
2322.0      704.80669
2323.0      678.78798
2324.0      700.99471
2325.0      713.35192
2326.0      719.62732
2327.0      712.37104
2328.0      742.62373
2329.0      731.07591
2330.0      721.11766
2331.0      689.54435
2332.0      717.15689
2333.0      707.67119
2334.0      709.35914
2335.0      672.38698
2336.0      704.17911
2337.0      726.09078
2338.0      739.83132
2339.0      710.47780
2340.0      726.41667
2341.0      720.12836
2342.0      708.61550
2343.0      682.02339
2344.0      706.46490
2345.0      704.75902
2346.0      711.53155
2347.0      707.67152
2348.0      738.71364
2349.0      725.98103
2350.0      715.44414
2351.0      669.42522
2352.0      698.40791
2353.0      695.45723
2354.0      696.07166
2355.0      647.79641
2356.0      685.59879
2357.0      697.96489
2358.0      717.49536
2359.0      697.71930
2360.0      711.00367
2361.0      685.88083
2362.0      668.95984
2363.0      656.42508
2364.0      669.84900
2365.0      655.23435
2366.0      634.04565
2367.0      632.05361
2368.0      689.43322
2369.0      717.93643
2370.0      710.84426
2371.0      658.27262
2372.0      679.90569
2373.0      679.72424
2374.0      673.39630
2375.0      622.09441
2376.0      641.29259
2377.0      638.56597
2378.0      657.31574
2379.0      654.31832
2380.0      682.63215
2381.0      664.93613
2382.0      658.88604
2383.0      652.23114
2384.0      660.94645
2385.0      637.00115
2386.0      623.07694
2387.0      616.29918
2388.0      658.84523
2389.0      673.81374
2390.0      675.51047
2391.0      628.52298
2392.0      652.61032
2393.0      652.45068
2394.0      651.36916
2395.0      604.68061
2396.0      640.01021
2397.0      655.86445
2398.0      665.48748
2399.0      640.85581
2400.0      657.52647
2401.0      643.27606
2402.0      620.70213
2403.0      609.39677
2404.0      640.03753
2405.0      642.87807
2406.0      643.87418
2407.0      630.59597
2408.0      648.10098
2409.0      637.73924
2410.0      648.61863
2411.0      613.05131
2412.0      626.00105
2413.0      618.55843
2414.0      642.12229
2415.0      614.85084
2416.0      650.55297
2417.0      655.79657
2418.0      658.86320
2419.0      635.30421
2420.0      655.46411
2421.0      643.42361
2422.0      625.75783
2423.0      611.19621
2424.0      640.86261
2425.0      633.04979
2426.0      628.26639
2427.0      604.49237
2428.0      624.62332
2429.0      630.77940
2430.0      639.58721
2431.0      597.93033
2432.0      610.32195
2433.0      610.29929
2434.0      614.56065
2435.0      580.80469
2436.0      626.74269
2437.0      635.66421
2438.0      626.88455
2439.0      607.38894
2440.0      642.01894
2441.0      636.51387
2442.0      617.07830
2443.0      589.48858
2444.0      609.43846
2445.0      607.31662
2446.0      599.05224
2447.0      570.07707
2448.0      598.88090
2449.0      617.12826
2450.0      618.24554
2451.0      575.39210
2452.0      598.49138
2453.0      580.59660
2454.0      585.91737
2455.0      565.01014
2456.0      605.67603
2457.0      584.47409
2458.0      592.64878
2459.0      586.02798
2460.0      610.17910
2461.0      597.75166
2462.0      586.61812
2463.0      559.50292
2464.0      586.79413
2465.0      607.79456
2466.0      610.83796
2467.0      574.14896
2468.0      582.75300
2469.0      575.78408
2470.0      582.89869
2471.0      572.46339
2472.0      610.10306
2473.0      594.97639
2474.0      590.97488
2475.0      556.46415
2476.0      584.27408
2477.0      572.96247
2478.0      573.06276
2479.0      532.56583
2480.0      571.53587
2481.0      590.34427
2482.0      589.30024
2483.0      559.03865
2484.0      588.80327
2485.0      594.50878
2486.0      577.98048
2487.0      551.17219
2488.0      565.98386
2489.0      569.99916
2490.0      593.68997
2491.0      589.66282
2492.0      617.16035
2493.0      611.16774
2494.0      608.88226
2495.0      572.04974
2496.0      602.02078
2497.0      587.31424
2498.0      581.29041
2499.0      546.06224
2500.0      594.34268
