800.0      507122852.06559
801.0      162700510.66415
802.0      -49586629.82365
803.0      9092.17841
804.0      1853.27228
805.0      1748.26282
806.0      1411.57965
807.0      1106.56671
808.0      1220.60777
809.0      1244.22804
810.0      1621.46279
811.0      1777.25218
812.0      1930.74436
813.0      1887.97717
814.0      2427.11113
815.0      2217.37371
816.0      2106.16745
817.0      1957.18182
818.0      2250.91808
819.0      1828.09739
820.0      1950.03552
821.0      1962.33790
822.0      2118.91967
823.0      2051.86971
824.0      2652.06714
825.0      2687.46109
826.0      2406.34270
827.0      1988.42655
828.0      2185.74848
829.0      2075.37918
830.0      2128.22524
831.0      1951.36385
832.0      2305.36128
833.0      2511.82494
834.0      3025.42919
835.0      2685.50865
836.0      2565.16774
837.0      2240.47388
838.0      2227.21988
839.0      1805.97606
840.0      1972.71623
841.0      2019.77532
842.0      2193.35727
843.0      2250.77507
844.0      2783.13328
845.0      2720.39934
846.0      2348.20302
847.0      1883.19528
848.0      2081.17256
849.0      2030.95720
850.0      2060.38305
851.0      1979.08410
852.0      2347.81621
853.0      2487.19714
854.0      2828.65440
855.0      2604.30593
856.0      2559.90860
857.0      2259.74284
858.0      2343.50539
859.0      2081.12127
860.0      2285.71254
861.0      2280.70958
862.0      2535.06841
863.0      2587.18505
864.0      2915.00460
865.0      2746.39897
866.0      2440.17558
867.0      2115.76621
868.0      2221.78807
869.0      2092.03784
870.0      2114.12019
871.0      2092.33733
872.0      2370.05199
873.0      2360.72824
874.0      2616.35272
875.0      2459.15434
876.0      2429.73977
877.0      2184.55604
878.0      2231.14881
879.0      2024.34216
880.0      2233.68395
881.0      2302.65738
882.0      2506.91655
883.0      2531.09089
884.0      2895.59228
885.0      2805.36716
886.0      2552.99786
887.0      2186.82285
888.0      2261.67166
889.0      2129.19194
890.0      2132.60109
891.0      2085.35154
892.0      2350.29182
893.0      2443.70107
894.0      2650.30103
895.0      2491.85620
896.0      2411.99801
897.0      2207.81432
898.0      2212.86682
899.0      1943.31033
900.0      2195.58243
901.0      2350.68725
902.0      2612.94515
903.0      2491.82142
904.0      2813.84297
905.0      2795.53730
906.0      2604.46395
907.0      2278.68965
908.0      2340.54502
909.0      2281.86039
910.0      2246.94698
911.0      2219.68717
912.0      2485.23472
913.0      2553.95586
914.0      2706.56553
915.0      2514.92252
916.0      2534.08297
917.0      2419.66433
918.0      2549.06094
919.0      2313.55323
920.0      2470.98222
921.0      2510.32313
922.0      2659.56071
923.0      2518.09261
924.0      2762.72616
925.0      2788.93497
926.0      2630.77002
927.0      2385.30841
928.0      2496.11512
929.0      2484.31952
930.0      2430.87670
931.0      2358.07862
932.0      2669.49996
933.0      2773.22663
934.0      2928.52248
935.0      2777.79405
936.0      2845.39920
937.0      2734.91123
938.0      2698.71729
939.0      2438.00605
940.0      2550.14509
941.0      2642.17739
942.0      2788.16528
943.0      2741.59957
944.0      3016.83954
945.0      3051.29600
946.0      2937.16512
947.0      2706.40048
948.0      2732.24101
949.0      2625.10041
950.0      2563.26552
951.0      2538.59218
952.0      2789.47887
953.0      2866.36147
954.0      2966.24489
955.0      2817.02634
956.0      2854.28829
957.0      2751.66168
958.0      2714.57349
959.0      2494.94929
960.0      2596.25163
961.0      2665.71510
962.0      2816.69862
963.0      2830.48405
964.0      3009.36050
965.0      2977.58278
966.0      2880.56480
967.0      2739.84982
968.0      2789.31784
969.0      2737.41188
970.0      2741.94922
971.0      2734.16812
972.0      2929.58487
973.0      2999.03156
974.0      3092.40500
975.0      2979.54579
976.0      3019.50052
977.0      2962.11686
978.0      2962.30966
979.0      2793.00910
980.0      2881.25204
981.0      2909.00676
982.0      3016.64761
983.0      2998.61423
984.0      3191.25331
985.0      3194.43700
986.0      3176.32993
987.0      3046.76092
988.0      3071.78869
989.0      2987.15032
990.0      2956.11823
991.0      2908.38527
992.0      3038.31752
993.0      3150.39058
994.0      3270.54639
995.0      3181.01502
996.0      3182.36838
997.0      3105.65786
998.0      3089.88963
999.0      2908.58482
1000.0      2956.63656
1001.0      2965.97266
1002.0      3102.79077
1003.0      3135.65523
1004.0      3312.49255
1005.0      3263.81903
1006.0      3182.35240
1007.0      3041.77339
1008.0      3066.41313
1009.0      2982.41396
1010.0      2914.62886
1011.0      2859.30732
1012.0      3028.48272
1013.0      3096.65975
1014.0      3183.08757
1015.0      3045.00628
1016.0      3097.44172
1017.0      3022.24629
1018.0      3028.65916
1019.0      2869.76295
1020.0      2951.21720
1021.0      2991.36582
1022.0      3077.82458
1023.0      3065.57070
1024.0      3227.22185
1025.0      3224.61929
1026.0      3139.73564
1027.0      3001.06524
1028.0      3055.31479
1029.0      3055.53694
1030.0      3033.92751
1031.0      2999.11156
1032.0      3145.84989
1033.0      3224.77208
1034.0      3307.10479
1035.0      3201.01627
1036.0      3283.54142
1037.0      3244.14112
1038.0      3218.39400
1039.0      3044.19428
1040.0      3098.85613
1041.0      3115.29469
1042.0      3180.71380
1043.0      3179.72401
1044.0      3316.77117
1045.0      3297.83835
1046.0      3265.11503
1047.0      3196.16119
1048.0      3263.77745
1049.0      3196.71218
1050.0      3154.03807
1051.0      3104.50419
1052.0      3240.32199
1053.0      3300.96135
1054.0      3390.57705
1055.0      3307.77432
1056.0      3327.89438
1057.0      3268.49984
1058.0      3274.36932
1059.0      3178.89929
1060.0      3250.14258
1061.0      3271.22414
1062.0      3348.73742
1063.0      3334.87963
1064.0      3442.42040
1065.0      3425.47949
1066.0      3393.64028
1067.0      3300.59070
1068.0      3340.66748
1069.0      3302.31021
1070.0      3290.44780
1071.0      3252.26913
1072.0      3352.65001
1073.0      3391.69291
1074.0      3460.17434
1075.0      3407.15551
1076.0      3424.04160
1077.0      3370.05627
1078.0      3372.78125
1079.0      3284.53128
1080.0      3364.56518
1081.0      3353.82624
1082.0      3390.84205
1083.0      3318.58447
1084.0      3430.77404
1085.0      3432.85331
1086.0      3418.62375
1087.0      3340.16188
1088.0      3391.96172
1089.0      3378.62364
1090.0      3352.70708
1091.0      3310.43857
1092.0      3418.41246
1093.0      3491.66523
1094.0      3565.48082
1095.0      3491.75181
1096.0      3513.27645
1097.0      3458.72151
1098.0      3475.70535
1099.0      3358.93121
1100.0      3438.81633
1101.0      3432.58663
1102.0      3494.91261
1103.0      3436.09754
1104.0      3544.71852
1105.0      3552.72345
1106.0      3510.67670
1107.0      3396.54194
1108.0      3404.23020
1109.0      3398.58706
1110.0      3408.37248
1111.0      3392.11946
1112.0      3522.54799
1113.0      3561.50325
1114.0      3601.33027
1115.0      3474.07222
1116.0      3524.42264
1117.0      3485.30105
1118.0      3506.13900
1119.0      3389.70558
1120.0      3486.82938
1121.0      3524.03894
1122.0      3580.04834
1123.0      3547.87081
1124.0      3656.97751
1125.0      3643.38560
1126.0      3574.79218
1127.0      3484.48881
1128.0      3549.71933
1129.0      3535.01057
1130.0      3526.46476
1131.0      3498.04950
1132.0      3590.58380
1133.0      3552.47423
1134.0      3518.60179
1135.0      3400.11280
1136.0      3470.67780
1137.0      3468.56247
1138.0      3481.24672
1139.0      3378.83753
1140.0      3462.66082
1141.0      3479.99942
1142.0      3484.03524
1143.0      3402.27547
1144.0      3494.66592
1145.0      3516.46471
1146.0      3523.63585
1147.0      3463.03517
1148.0      3534.27275
1149.0      3522.11796
1150.0      3499.71411
1151.0      3461.36741
1152.0      3574.36783
1153.0      3594.33397
1154.0      3592.93203
1155.0      3499.50682
1156.0      3573.21006
1157.0      3568.09343
1158.0      3570.99647
1159.0      3461.76840
1160.0      3549.90113
1161.0      3591.34528
1162.0      3618.89924
1163.0      3539.30132
1164.0      3602.02073
1165.0      3585.53238
1166.0      3543.12253
1167.0      3456.25002
1168.0      3493.05229
1169.0      3474.35081
1170.0      3491.35803
1171.0      3499.11734
1172.0      3606.85027
1173.0      3607.04504
1174.0      3585.79966
1175.0      3479.68362
1176.0      3530.63268
1177.0      3524.04922
1178.0      3552.32417
1179.0      3472.92196
1180.0      3585.68012
1181.0      3613.62454
1182.0      3657.93074
1183.0      3561.52522
1184.0      3599.33920
1185.0      3552.93524
1186.0      3514.01250
1187.0      3451.25819
1188.0      3510.96251
1189.0      3526.48721
1190.0      3526.76657
1191.0      3498.56864
1192.0      3607.37361
1193.0      3627.37846
1194.0      3590.27886
1195.0      3440.72584
1196.0      3490.89103
1197.0      3500.33799
1198.0      3510.49487
1199.0      3400.93412
1200.0      3483.19396
1201.0      3512.69781
1202.0      3560.22511
1203.0      3496.46850
1204.0      3556.19261
1205.0      3536.25649
1206.0      3519.65510
1207.0      3474.02275
1208.0      3523.78024
1209.0      3507.30300
1210.0      3501.60135
1211.0      3471.78490
1212.0      3598.95718
1213.0      3615.58105
1214.0      3613.11394
1215.0      3481.23909
1216.0      3521.59857
1217.0      3484.78009
1218.0      3464.85732
1219.0      3355.60299
1220.0      3434.13325
1221.0      3486.32112
1222.0      3568.68786
1223.0      3527.38662
1224.0      3566.13429
1225.0      3509.72603
1226.0      3467.42600
1227.0      3395.99372
1228.0      3452.61756
1229.0      3442.38671
1230.0      3450.23368
1231.0      3453.97256
1232.0      3597.29680
1233.0      3608.21251
1234.0      3573.83053
1235.0      3451.47618
1236.0      3480.14496
1237.0      3463.46079
1238.0      3474.91040
1239.0      3406.41277
1240.0      3508.22344
1241.0      3545.15588
1242.0      3587.32193
1243.0      3516.39537
1244.0      3561.30564
1245.0      3485.49059
1246.0      3419.29625
1247.0      3365.74177
1248.0      3460.27404
1249.0      3467.60396
1250.0      3456.81047
1251.0      3443.18507
1252.0      3550.15356
1253.0      3571.95041
1254.0      3546.18708
1255.0      3426.70608
1256.0      3441.94904
1257.0      3437.73431
1258.0      3466.40702
1259.0      3384.50671
1260.0      3450.80465
1261.0      3490.34981
1262.0      3571.97783
1263.0      3536.38064
1264.0      3575.50952
1265.0      3521.28283
1266.0      3462.39777
1267.0      3388.83933
1268.0      3439.12161
1269.0      3431.82903
1270.0      3407.15559
1271.0      3380.81582
1272.0      3497.68549
1273.0      3553.81216
1274.0      3545.00891
1275.0      3417.95659
1276.0      3422.12838
1277.0      3396.25015
1278.0      3412.73043
1279.0      3326.43265
1280.0      3402.22715
1281.0      3431.28863
1282.0      3487.52961
1283.0      3423.33645
1284.0      3471.00703
1285.0      3437.99581
1286.0      3382.65583
1287.0      3289.15139
1288.0      3338.77158
1289.0      3358.37304
1290.0      3370.52090
1291.0      3375.03365
1292.0      3500.05524
1293.0      3531.00258
1294.0      3517.15487
1295.0      3392.74635
1296.0      3405.82959
1297.0      3353.82375
1298.0      3366.78870
1299.0      3303.08943
1300.0      3392.52309
1301.0      3437.46544
1302.0      3491.06021
1303.0      3442.10784
1304.0      3477.70348
1305.0      3437.93597
1306.0      3368.89348
1307.0      3278.90429
1308.0      3338.81469
1309.0      3373.12159
1310.0      3397.64794
1311.0      3359.53519
1312.0      3426.72494
1313.0      3429.34989
1314.0      3426.79607
1315.0      3311.34167
1316.0      3321.53521
1317.0      3286.94416
1318.0      3266.68107
1319.0      3201.20521
1320.0      3272.45741
1321.0      3324.73120
1322.0      3357.72388
1323.0      3327.07002
1324.0      3390.08647
1325.0      3352.13682
1326.0      3284.12396
1327.0      3189.53267
1328.0      3249.67645
1329.0      3262.85388
1330.0      3277.85357
1331.0      3264.26007
1332.0      3350.16324
1333.0      3360.68700
1334.0      3368.06001
1335.0      3286.61997
1336.0      3283.45039
1337.0      3225.84898
1338.0      3230.59850
1339.0      3186.08778
1340.0      3272.39061
1341.0      3318.74559
1342.0      3373.89353
1343.0      3318.41899
1344.0      3360.63929
1345.0      3321.63828
1346.0      3266.63147
1347.0      3172.72260
1348.0      3211.96475
1349.0      3222.88978
1350.0      3232.18766
1351.0      3256.39653
1352.0      3362.82088
1353.0      3357.90982
1354.0      3294.62339
1355.0      3171.78587
1356.0      3177.10048
1357.0      3141.52220
1358.0      3147.18279
1359.0      3087.77880
1360.0      3205.15814
1361.0      3265.14508
1362.0      3298.48855
1363.0      3215.25857
1364.0      3252.06914
1365.0      3245.35817
1366.0      3205.01564
1367.0      3127.93390
1368.0      3160.69629
1369.0      3190.71819
1370.0      3219.96282
1371.0      3202.37963
1372.0      3274.75926
1373.0      3271.50385
1374.0      3267.36917
1375.0      3181.15189
1376.0      3218.17068
1377.0      3181.80478
1378.0      3160.61929
1379.0      3066.56244
1380.0      3136.82164
1381.0      3172.63895
1382.0      3225.65173
1383.0      3187.83509
1384.0      3259.42340
1385.0      3260.26914
1386.0      3226.87788
1387.0      3129.91346
1388.0      3150.74950
1389.0      3140.76761
1390.0      3151.94538
1391.0      3126.20033
1392.0      3209.65672
1393.0      3200.27082
1394.0      3183.23321
1395.0      3089.88872
1396.0      3118.82281
1397.0      3066.66433
1398.0      3048.15049
1399.0      2985.60795
1400.0      3093.44042
1401.0      3141.32929
1402.0      3175.07434
1403.0      3106.97032
1404.0      3136.94399
1405.0      3110.19389
1406.0      3066.72899
1407.0      2989.19062
1408.0      3017.48033
1409.0      2996.00862
1410.0      2996.27284
1411.0      3029.90894
1412.0      3161.98805
1413.0      3161.90103
1414.0      3121.45378
1415.0      3040.62202
1416.0      3064.53034
1417.0      3024.55852
1418.0      3013.29856
1419.0      2959.16240
1420.0      3042.48480
1421.0      3093.52683
1422.0      3119.45464
1423.0      3042.22800
1424.0      3068.73187
1425.0      3042.08937
1426.0      3017.91527
1427.0      2944.04927
1428.0      2980.51808
1429.0      2965.43805
1430.0      2967.17716
1431.0      2971.33028
1432.0      3049.34876
1433.0      3048.20353
1434.0      3026.00574
1435.0      2974.59655
1436.0      3035.77046
1437.0      3019.92072
1438.0      3000.33121
1439.0      2886.35954
1440.0      2959.29243
1441.0      3007.69006
1442.0      3065.12749
1443.0      2993.30984
1444.0      3029.13993
1445.0      2992.92902
1446.0      2958.94628
1447.0      2888.90486
1448.0      2916.23029
1449.0      2906.43081
1450.0      2916.80087
1451.0      2942.75677
1452.0      3051.54661
1453.0      3050.72816
1454.0      3010.95069
1455.0      2906.59949
1456.0      2931.40448
1457.0      2898.28348
1458.0      2883.26612
1459.0      2798.51940
1460.0      2885.33061
1461.0      2958.58080
1462.0      3025.55906
1463.0      2971.93295
1464.0      2988.83486
1465.0      2943.49468
1466.0      2895.70744
1467.0      2832.27809
1468.0      2885.38653
1469.0      2918.00329
1470.0      2934.78682
1471.0      2909.28722
1472.0      2991.71573
1473.0      2991.27213
1474.0      2962.86632
1475.0      2835.76586
1476.0      2855.80431
1477.0      2850.24538
1478.0      2856.58909
1479.0      2784.19152
1480.0      2851.42785
1481.0      2879.69082
1482.0      2902.00357
1483.0      2856.50771
1484.0      2908.89711
1485.0      2871.10062
1486.0      2825.56335
1487.0      2771.92440
1488.0      2811.71646
1489.0      2794.84582
1490.0      2789.95977
1491.0      2790.60959
1492.0      2897.44917
1493.0      2904.56709
1494.0      2876.01992
1495.0      2776.76881
1496.0      2801.95452
1497.0      2775.70738
1498.0      2749.99181
1499.0      2703.36153
1500.0      2805.39787
1501.0      2865.77326
1502.0      2901.26406
1503.0      2831.60032
1504.0      2850.31631
1505.0      2796.93511
1506.0      2746.80634
1507.0      2667.47249
1508.0      2736.93358
1509.0      2746.82394
1510.0      2734.64004
1511.0      2719.78773
1512.0      2822.86838
1513.0      2816.95681
1514.0      2772.57021
1515.0      2683.07069
1516.0      2706.76768
1517.0      2679.43414
1518.0      2673.80852
1519.0      2623.87724
1520.0      2719.50033
1521.0      2773.71365
1522.0      2821.59106
1523.0      2752.40388
1524.0      2756.76740
1525.0      2693.50750
1526.0      2644.89711
1527.0      2589.40463
1528.0      2649.07471
1529.0      2685.30555
1530.0      2715.09817
1531.0      2721.60315
1532.0      2785.83895
1533.0      2775.87385
1534.0      2742.90941
1535.0      2647.44907
1536.0      2657.17912
1537.0      2626.77376
1538.0      2623.51977
1539.0      2552.50266
1540.0      2633.69576
1541.0      2682.27772
1542.0      2732.36729
1543.0      2674.13508
1544.0      2696.25062
1545.0      2666.77509
1546.0      2633.45273
1547.0      2567.23381
1548.0      2603.74732
1549.0      2604.02588
1550.0      2615.52187
1551.0      2603.37995
1552.0      2685.24629
1553.0      2684.26641
1554.0      2668.43914
1555.0      2575.77511
1556.0      2583.86986
1557.0      2532.18768
1558.0      2533.05599
1559.0      2474.90809
1560.0      2534.94041
1561.0      2563.77426
1562.0      2600.98098
1563.0      2575.36419
1564.0      2616.18903
1565.0      2604.50605
1566.0      2554.40558
1567.0      2490.05023
1568.0      2544.81004
1569.0      2555.45803
1570.0      2573.48018
1571.0      2559.92599
1572.0      2635.08257
1573.0      2618.17646
1574.0      2583.98309
1575.0      2492.99860
1576.0      2521.32204
1577.0      2509.96939
1578.0      2513.56401
1579.0      2443.59692
1580.0      2499.55798
1581.0      2536.22437
1582.0      2578.17450
1583.0      2526.30894
1584.0      2566.94779
1585.0      2556.26314
1586.0      2531.51156
1587.0      2453.76890
1588.0      2508.44831
1589.0      2518.41857
1590.0      2525.68613
1591.0      2496.34162
1592.0      2567.14535
1593.0      2556.20321
1594.0      2530.07548
1595.0      2457.67382
1596.0      2493.63810
1597.0      2483.80702
1598.0      2486.62155
1599.0      2424.29002
1600.0      2474.90256
1601.0      2488.84038
1602.0      2511.30434
1603.0      2451.90356
1604.0      2485.24462
1605.0      2474.89089
1606.0      2482.57662
1607.0      2421.65345
1608.0      2433.63419
1609.0      2411.37845
1610.0      2409.06307
1611.0      2406.91934
1612.0      2492.14875
1613.0      2491.21026
1614.0      2449.52126
1615.0      2378.77167
1616.0      2445.70488
1617.0      2439.40498
1618.0      2441.80812
1619.0      2374.82248
1620.0      2435.98269
1621.0      2450.47690
1622.0      2478.27863
1623.0      2411.40394
1624.0      2417.75825
1625.0      2387.61985
1626.0      2380.76506
1627.0      2320.97265
1628.0      2369.31390
1629.0      2378.78466
1630.0      2383.82292
1631.0      2364.27252
1632.0      2443.53666
1633.0      2446.69103
1634.0      2425.90156
1635.0      2367.10511
1636.0      2423.94586
1637.0      2424.17478
1638.0      2434.28593
1639.0      2379.32246
1640.0      2424.52227
1641.0      2437.89448
1642.0      2443.81100
1643.0      2360.81010
1644.0      2345.63001
1645.0      2325.09146
1646.0      2300.92129
1647.0      2220.61060
1648.0      2273.42223
1649.0      2311.14549
1650.0      2337.69698
1651.0      2313.57686
1652.0      2401.95910
1653.0      2410.58818
1654.0      2390.87608
1655.0      2309.29736
1656.0      2333.99352
1657.0      2328.17579
1658.0      2341.75178
1659.0      2286.90347
1660.0      2321.50777
1661.0      2320.12147
1662.0      2324.01610
1663.0      2263.03554
1664.0      2292.21517
1665.0      2274.88618
1666.0      2235.60196
1667.0      2157.43947
1668.0      2216.87951
1669.0      2224.06986
1670.0      2221.35742
1671.0      2171.77108
1672.0      2238.96151
1673.0      2226.81035
1674.0      2209.24523
1675.0      2162.96902
1676.0      2209.44104
1677.0      2210.69161
1678.0      2214.02311
1679.0      2160.69232
1680.0      2197.37986
1681.0      2197.53439
1682.0      2225.33714
1683.0      2149.75042
1684.0      2159.11514
1685.0      2133.22458
1686.0      2125.85998
1687.0      2083.05261
1688.0      2145.02972
1689.0      2165.63311
1690.0      2168.08773
1691.0      2122.52278
1692.0      2151.84320
1693.0      2108.50917
1694.0      2092.52687
1695.0      2035.80065
1696.0      2079.46129
1697.0      2064.43449
1698.0      2099.51727
1699.0      2052.83155
1700.0      2088.42383
1701.0      2061.98255
1702.0      2093.95557
1703.0      2051.40795
1704.0      2077.55708
1705.0      2077.61223
1706.0      2103.46559
1707.0      2078.64303
1708.0      2099.55712
1709.0      2086.47120
1710.0      2078.64189
1711.0      2037.35393
1712.0      2099.05803
1713.0      2089.20276
1714.0      2091.43179
1715.0      2047.21821
1716.0      2105.12265
1717.0      2075.85320
1718.0      2087.80432
1719.0      2058.49344
1720.0      2102.86041
1721.0      2095.55065
1722.0      2128.41701
1723.0      2105.88102
1724.0      2122.94803
1725.0      2115.37241
1726.0      2112.33047
1727.0      2074.84670
1728.0      2114.85873
1729.0      2128.41447
1730.0      2152.96577
1731.0      2136.48307
1732.0      2193.75760
1733.0      2167.94756
1734.0      2143.25596
1735.0      2091.36135
1736.0      2139.92230
1737.0      2138.05014
1738.0      2175.56911
1739.0      2161.02069
1740.0      2205.56533
1741.0      2173.19033
1742.0      2162.87737
1743.0      2109.73068
1744.0      2134.56109
1745.0      2135.85669
1746.0      2130.96059
1747.0      2076.72308
1748.0      2124.64179
1749.0      2139.89453
1750.0      2164.98729
1751.0      2111.79352
1752.0      2150.57018
1753.0      2116.09898
1754.0      2096.24350
1755.0      2051.60372
1756.0      2106.52464
1757.0      2106.54925
1758.0      2123.20962
1759.0      2097.49515
1760.0      2150.94394
1761.0      2150.15327
1762.0      2153.87180
1763.0      2101.92425
1764.0      2144.44489
1765.0      2172.21816
1766.0      2173.37620
1767.0      2114.28207
1768.0      2147.87592
1769.0      2171.13190
1770.0      2182.80401
1771.0      2136.33774
1772.0      2174.94252
1773.0      2159.85889
1774.0      2142.47211
1775.0      2076.26644
1776.0      2105.13922
1777.0      2080.23163
1778.0      2085.40867
1779.0      2065.64247
1780.0      2124.04301
1781.0      2107.66851
1782.0      2099.74143
1783.0      2050.34892
1784.0      2091.09864
1785.0      2076.82944
1786.0      2054.58536
1787.0      2006.84101
1788.0      2068.34178
1789.0      2122.87780
1790.0      2129.47819
1791.0      2083.20337
1792.0      2100.66241
1793.0      2084.37418
1794.0      2077.88959
1795.0      2027.20448
1796.0      2076.49154
1797.0      2057.49886
1798.0      2077.45276
1799.0      2064.51212
1800.0      2122.41577
1801.0      2101.07002
1802.0      2071.00004
1803.0      2014.67402
1804.0      2042.27669
1805.0      2034.42141
1806.0      2025.90340
1807.0      1990.93348
1808.0      2042.46551
1809.0      2073.41614
1810.0      2078.96580
1811.0      2025.85612
1812.0      2045.96071
1813.0      2026.71098
1814.0      2027.75241
1815.0      1971.12301
1816.0      2017.64357
1817.0      2003.87973
1818.0      2021.51374
1819.0      1995.49891
1820.0      2032.67116
1821.0      2002.27656
1822.0      1978.37337
1823.0      1943.52298
1824.0      1979.38631
1825.0      1988.34497
1826.0      1987.21289
1827.0      1937.92689
1828.0      1975.28734
1829.0      1988.17053
1830.0      2002.85171
1831.0      1939.10594
1832.0      1976.12654
1833.0      1959.81571
1834.0      1957.22656
1835.0      1910.75197
1836.0      1946.84460
1837.0      1934.60122
1838.0      1930.24465
1839.0      1905.03857
1840.0      1958.74734
1841.0      1948.82414
1842.0      1934.39770
1843.0      1874.72714
1844.0      1912.40124
1845.0      1923.80615
1846.0      1913.31619
1847.0      1858.70883
1848.0      1905.03622
1849.0      1949.33554
1850.0      1971.20898
1851.0      1901.76162
1852.0      1917.02735
1853.0      1889.22617
1854.0      1878.10354
1855.0      1844.45789
1856.0      1900.38629
1857.0      1893.74292
1858.0      1901.81415
1859.0      1892.06400
1860.0      1953.38106
1861.0      1929.13137
1862.0      1901.38044
1863.0      1832.22575
1864.0      1867.35082
1865.0      1902.46522
1866.0      1915.80694
1867.0      1873.11253
1868.0      1895.59159
1869.0      1917.30447
1870.0      1924.73330
1871.0      1857.21516
1872.0      1860.13119
1873.0      1838.88177
1874.0      1845.34889
1875.0      1823.40508
1876.0      1883.60046
1877.0      1885.82915
1878.0      1890.00364
1879.0      1869.29424
1880.0      1934.68913
1881.0      1924.46665
1882.0      1892.34730
1883.0      1826.37020
1884.0      1856.20490
1885.0      1862.59205
1886.0      1856.69614
1887.0      1824.13823
1888.0      1869.08017
1889.0      1885.53112
1890.0      1886.33736
1891.0      1837.40053
1892.0      1859.64091
1893.0      1829.53229
1894.0      1810.82637
1895.0      1762.56672
1896.0      1822.56889
1897.0      1820.98538
1898.0      1833.63016
1899.0      1816.13198
1900.0      1876.14185
1901.0      1861.07247
1902.0      1814.56250
1903.0      1738.86567
1904.0      1741.94838
1905.0      1747.62445
1906.0      1769.40456
1907.0      1755.03933
1908.0      1807.62634
1909.0      1826.13728
1910.0      1847.07650
1911.0      1801.39383
1912.0      1806.86107
1913.0      1759.24227
1914.0      1732.67551
1915.0      1694.39260
1916.0      1761.06994
1917.0      1774.15178
1918.0      1780.97219
1919.0      1756.36148
1920.0      1799.53618
1921.0      1789.98653
1922.0      1760.81093
1923.0      1709.07865
1924.0      1723.44119
1925.0      1731.90047
1926.0      1764.58314
1927.0      1751.65609
1928.0      1794.49417
1929.0      1803.18105
1930.0      1821.02305
1931.0      1772.10409
1932.0      1780.21791
1933.0      1752.97233
1934.0      1735.15051
1935.0      1688.63273
1936.0      1730.08449
1937.0      1735.85355
1938.0      1751.98461
1939.0      1737.89739
1940.0      1786.80758
1941.0      1768.71292
1942.0      1742.76678
1943.0      1675.00822
1944.0      1684.31042
1945.0      1678.52135
1946.0      1682.56066
1947.0      1662.62876
1948.0      1711.63283
1949.0      1752.24585
1950.0      1767.58837
1951.0      1721.89597
1952.0      1732.84064
1953.0      1703.90946
1954.0      1677.12403
1955.0      1620.06517
1956.0      1673.45626
1957.0      1697.32013
1958.0      1725.11952
1959.0      1707.76715
1960.0      1747.79124
1961.0      1719.52647
1962.0      1685.23179
1963.0      1615.50316
1964.0      1629.30046
1965.0      1631.75010
1966.0      1647.65543
1967.0      1646.88477
1968.0      1713.68686
1969.0      1756.63484
1970.0      1759.56003
1971.0      1682.70567
1972.0      1682.32608
1973.0      1648.04376
1974.0      1638.90181
1975.0      1588.16375
1976.0      1643.48193
1977.0      1659.88491
1978.0      1678.89130
1979.0      1662.94122
1980.0      1694.70174
1981.0      1672.96617
1982.0      1638.73006
1983.0      1587.53875
1984.0      1608.12580
1985.0      1611.14469
1986.0      1624.29802
1987.0      1619.68253
1988.0      1678.16300
1989.0      1693.59264
1990.0      1701.36783
1991.0      1642.26751
1992.0      1643.09093
1993.0      1607.85015
1994.0      1605.84217
1995.0      1561.42079
1996.0      1606.40394
1997.0      1637.26031
1998.0      1673.58405
1999.0      1660.33875
2000.0      1684.94698
2001.0      1650.99634
2002.0      1606.27939
2003.0      1553.72339
2004.0      1573.94139
2005.0      1561.56874
2006.0      1563.01265
2007.0      1556.58522
2008.0      1624.97078
2009.0      1638.69879
2010.0      1635.30793
2011.0      1565.10750
2012.0      1558.34626
2013.0      1542.29726
2014.0      1550.94437
2015.0      1516.16471
2016.0      1550.83414
2017.0      1564.54641
2018.0      1604.48465
2019.0      1595.84593
2020.0      1629.13656
2021.0      1586.32463
2022.0      1536.27915
2023.0      1486.83218
2024.0      1504.04329
2025.0      1510.81683
2026.0      1528.62532
2027.0      1534.35179
2028.0      1596.99724
2029.0      1614.72487
2030.0      1617.94522
2031.0      1533.48493
2032.0      1514.94509
2033.0      1504.76642
2034.0      1521.10424
2035.0      1475.94202
2036.0      1508.64159
2037.0      1523.48631
2038.0      1558.53653
2039.0      1529.81397
2040.0      1563.32013
2041.0      1530.12240
2042.0      1495.98414
2043.0      1457.48433
2044.0      1482.61691
2045.0      1474.41629
2046.0      1463.36299
2047.0      1460.02042
2048.0      1523.29864
2049.0      1544.85378
2050.0      1546.96494
2051.0      1486.07671
2052.0      1483.17307
2053.0      1456.82749
2054.0      1458.43199
2055.0      1411.02193
2056.0      1461.87241
2057.0      1485.66660
2058.0      1533.32069
2059.0      1511.77700
2060.0      1533.52112
2061.0      1488.61013
2062.0      1438.54683
2063.0      1388.41934
2064.0      1407.98294
2065.0      1412.24420
2066.0      1425.07291
2067.0      1437.00424
2068.0      1511.73443
2069.0      1538.02975
2070.0      1528.06484
2071.0      1445.43000
2072.0      1431.65537
2073.0      1404.44036
2074.0      1418.43908
2075.0      1390.40439
2076.0      1440.58728
2077.0      1462.47520
2078.0      1498.72048
2079.0      1488.07320
2080.0      1496.62782
2081.0      1453.19145
2082.0      1400.88295
2083.0      1361.20578
2084.0      1402.37317
2085.0      1419.73616
2086.0      1431.94454
2087.0      1410.97085
2088.0      1450.99577
2089.0      1463.43309
2090.0      1481.30476
2091.0      1430.19926
2092.0      1411.71444
2093.0      1368.80853
2094.0      1370.05236
2095.0      1345.90786
2096.0      1383.89059
2097.0      1390.91586
2098.0      1421.91836
2099.0      1411.62963
2100.0      1431.08000
2101.0      1390.67161
2102.0      1356.13168
2103.0      1313.07562
2104.0      1328.61451
2105.0      1318.21611
2106.0      1311.29952
2107.0      1308.58632
2108.0      1363.00368
2109.0      1388.40236
2110.0      1419.23982
2111.0      1382.80154
2112.0      1362.23583
2113.0      1302.51017
2114.0      1288.66307
2115.0      1253.74495
2116.0      1298.82099
2117.0      1332.25577
2118.0      1385.36063
2119.0      1386.74977
2120.0      1430.95847
2121.0      1394.60287
2122.0      1335.80339
2123.0      1263.67318
2124.0      1269.79162
2125.0      1285.43043
2126.0      1301.91449
2127.0      1319.58216
2128.0      1365.92124
2129.0      1381.13041
2130.0      1388.51740
2131.0      1328.01361
2132.0      1313.50640
2133.0      1267.00833
2134.0      1270.01953
2135.0      1248.06399
2136.0      1302.58987
2137.0      1328.62720
2138.0      1356.15840
2139.0      1336.47084
2140.0      1371.32057
2141.0      1345.65286
2142.0      1313.82538
2143.0      1263.60891
2144.0      1279.74015
2145.0      1280.30505
2146.0      1301.37075
2147.0      1309.59673
2148.0      1345.50824
2149.0      1336.70999
2150.0      1346.68298
2151.0      1292.59523
2152.0      1286.68311
2153.0      1239.95089
2154.0      1231.51449
2155.0      1202.93974
2156.0      1252.38812
2157.0      1281.77050
2158.0      1298.52913
2159.0      1278.62489
2160.0      1301.45788
2161.0      1287.68916
2162.0      1253.61069
2163.0      1199.45241
2164.0      1209.76581
2165.0      1207.04196
2166.0      1226.04624
2167.0      1235.56193
2168.0      1287.30390
2169.0      1279.58472
2170.0      1286.36347
2171.0      1266.86861
2172.0      1298.64449
2173.0      1275.20337
2174.0      1263.12882
2175.0      1215.26789
2176.0      1252.45238
2177.0      1276.60939
2178.0      1299.72233
2179.0      1271.75916
2180.0      1280.73106
2181.0      1264.50965
2182.0      1236.74174
2183.0      1187.87245
2184.0      1189.31260
2185.0      1186.64051
2186.0      1221.87895
2187.0      1238.99406
2188.0      1284.47634
2189.0      1266.99352
2190.0      1256.02015
2191.0      1230.84371
2192.0      1244.65497
2193.0      1213.99846
2194.0      1200.83684
2195.0      1174.91039
2196.0      1225.13822
2197.0      1255.49253
2198.0      1288.38027
2199.0      1250.91911
2200.0      1252.13117
2201.0      1236.50645
2202.0      1216.05828
2203.0      1170.10350
2204.0      1173.00781
2205.0      1175.33433
2206.0      1202.08465
2207.0      1216.60233
2208.0      1249.72986
2209.0      1228.65548
2210.0      1227.74652
2211.0      1201.03377
2212.0      1199.63493
2213.0      1151.85882
2214.0      1149.78209
2215.0      1125.16205
2216.0      1174.70971
2217.0      1198.56173
2218.0      1229.99496
2219.0      1201.89326
2220.0      1214.77736
2221.0      1209.10068
2222.0      1189.60413
2223.0      1139.05828
2224.0      1128.78952
2225.0      1116.29752
2226.0      1141.53961
2227.0      1168.14316
2228.0      1227.38369
2229.0      1211.69655
2230.0      1203.08440
2231.0      1156.16161
2232.0      1158.51998
2233.0      1120.41670
2234.0      1129.12150
2235.0      1110.67189
2236.0      1156.54414
2237.0      1194.31721
2238.0      1228.11454
2239.0      1199.56062
2240.0      1174.07026
2241.0      1140.33205
2242.0      1113.82348
2243.0      1079.57960
2244.0      1096.12017
2245.0      1099.75136
2246.0      1133.84724
2247.0      1153.48112
2248.0      1207.63125
2249.0      1183.13735
2250.0      1162.65116
2251.0      1115.90761
2252.0      1134.13212
2253.0      1110.88939
2254.0      1106.37985
2255.0      1080.46809
2256.0      1121.90530
2257.0      1147.17621
2258.0      1162.79033
2259.0      1124.52239
2260.0      1116.78010
2261.0      1104.55518
2262.0      1108.15570
2263.0      1074.04921
2264.0      1086.93857
2265.0      1083.53301
2266.0      1096.49183
2267.0      1095.40310
2268.0      1140.97178
2269.0      1133.46745
2270.0      1109.71160
2271.0      1070.03493
2272.0      1092.35132
2273.0      1063.73157
2274.0      1053.06426
2275.0      1020.07407
2276.0      1076.68324
2277.0      1100.00475
2278.0      1138.04688
2279.0      1106.23202
2280.0      1118.38939
2281.0      1112.68178
2282.0      1107.37249
2283.0      1071.05635
2284.0      1069.52792
2285.0      1067.21959
2286.0      1074.18185
2287.0      1082.99528
2288.0      1143.48193
2289.0      1139.71175
2290.0      1124.19570
2291.0      1071.98873
2292.0      1078.27570
2293.0      1035.70121
2294.0      1028.89426
2295.0      1011.30166
2296.0      1057.38261
2297.0      1070.96270
2298.0      1108.25674
2299.0      1094.32728
2300.0      1091.35469
2301.0      1058.23920
2302.0      1036.16945
2303.0      1011.51415
2304.0      1015.91641
2305.0      1021.31680
2306.0      1042.28968
2307.0      1058.33266
2308.0      1113.40291
2309.0      1085.55539
2310.0      1062.35227
2311.0      1009.73814
2312.0      1023.99421
2313.0      987.95229
2314.0      991.69045
2315.0      978.47254
2316.0      1016.12800
2317.0      1032.41719
2318.0      1072.66025
2319.0      1055.36730
2320.0      1050.29779
2321.0      1024.14833
2322.0      1011.01092
2323.0      979.45687
2324.0      988.05472
2325.0      989.48005
2326.0      1016.49898
2327.0      1019.52149
2328.0      1072.41515
2329.0      1070.64173
2330.0      1072.68601
2331.0      1004.74255
2332.0      1012.10032
2333.0      980.46944
2334.0      969.95377
2335.0      959.53635
2336.0      1014.62451
2337.0      1022.73062
2338.0      1015.06240
2339.0      991.13600
2340.0      1012.64002
2341.0      1012.58451
2342.0      1013.87114
2343.0      974.16842
2344.0      983.31441
2345.0      980.19016
2346.0      985.65220
2347.0      964.82598
2348.0      1002.34249
2349.0      1003.55126
2350.0      1007.07040
2351.0      972.08505
2352.0      987.87221
2353.0      949.35425
2354.0      938.80546
2355.0      924.33745
2356.0      972.60131
2357.0      979.23370
2358.0      996.40142
2359.0      960.12287
2360.0      969.92860
2361.0      967.88046
2362.0      969.91495
2363.0      918.04259
2364.0      915.75932
2365.0      935.60476
2366.0      971.22997
2367.0      977.72071
2368.0      1018.33560
2369.0      999.92275
2370.0      980.17753
2371.0      942.77606
2372.0      974.15003
2373.0      939.82708
2374.0      921.87035
2375.0      896.98111
2376.0      955.08196
2377.0      961.42788
2378.0      964.38252
2379.0      929.01425
2380.0      940.12657
2381.0      953.83824
2382.0      960.51051
2383.0      924.43519
2384.0      903.57768
2385.0      903.96152
2386.0      937.26875
2387.0      943.41092
2388.0      978.90464
2389.0      948.86694
2390.0      931.79628
2391.0      903.69936
2392.0      948.77438
2393.0      922.02566
2394.0      896.57420
2395.0      866.69561
2396.0      921.93286
2397.0      938.07218
2398.0      949.30238
2399.0      927.33956
2400.0      930.08364
2401.0      926.44692
2402.0      917.74559
2403.0      877.54291
2404.0      860.02069
2405.0      852.80531
2406.0      887.27580
2407.0      891.33620
2408.0      937.36998
2409.0      911.95303
2410.0      897.96674
2411.0      864.18398
2412.0      899.02882
2413.0      871.20508
2414.0      841.99656
2415.0      821.83218
2416.0      883.39539
2417.0      921.70749
2418.0      945.31657
2419.0      922.60841
2420.0      914.24484
2421.0      897.01583
2422.0      899.43343
2423.0      869.93083
2424.0      866.69485
2425.0      870.06668
2426.0      906.44265
2427.0      903.76213
2428.0      919.87732
2429.0      897.33583
2430.0      882.41088
2431.0      847.97937
2432.0      885.13266
2433.0      872.67628
2434.0      857.91534
2435.0      829.16971
2436.0      880.44920
2437.0      899.41523
2438.0      901.85620
2439.0      869.62166
2440.0      868.77671
2441.0      861.83349
2442.0      872.85831
2443.0      853.68730
2444.0      865.61459
2445.0      871.53085
2446.0      893.44465
2447.0      885.65995
2448.0      913.48843
2449.0      901.56255
2450.0      881.16480
2451.0      833.14030
2452.0      882.06084
2453.0      874.89887
2454.0      865.02850
2455.0      817.77098
2456.0      863.67874
2457.0      883.74738
2458.0      894.39863
2459.0      874.70496
2460.0      883.10225
2461.0      872.37140
2462.0      863.51022
2463.0      826.40596
2464.0      823.88882
2465.0      813.31874
2466.0      831.95785
2467.0      823.20901
2468.0      861.36366
2469.0      853.21504
2470.0      845.41834
2471.0      800.05010
2472.0      839.35543
2473.0      828.24183
2474.0      827.41570
2475.0      807.46147
2476.0      860.56468
2477.0      865.88363
2478.0      862.84132
2479.0      848.16434
2480.0      861.43046
2481.0      840.84040
2482.0      829.95196
2483.0      815.43025
2484.0      832.35379
2485.0      829.76549
2486.0      850.37492
2487.0      833.12886
2488.0      859.26712
2489.0      844.72410
2490.0      836.47681
2491.0      785.28465
2492.0      818.68984
2493.0      830.52305
2494.0      838.86016
2495.0      823.52119
2496.0      857.39476
2497.0      848.23037
2498.0      843.34101
2499.0      831.35336
2500.0      849.73153
