800.0      593822396.44719
801.0      243639099.54708
802.0      -69956895.39134
803.0      12980.65630
804.0      998.09990
805.0      1604.77771
806.0      1178.82165
807.0      926.40762
808.0      1401.90909
809.0      1823.23180
810.0      2940.15794
811.0      3132.09401
812.0      3088.13326
813.0      2551.38981
814.0      2537.63625
815.0      1973.14847
816.0      1907.27390
817.0      2042.41955
818.0      2596.70052
819.0      2737.99161
820.0      3623.22000
821.0      3523.35003
822.0      3080.41824
823.0      2277.52065
824.0      2630.59667
825.0      2269.97186
826.0      2033.76770
827.0      1946.24887
828.0      2749.40056
829.0      2896.99058
830.0      3298.88665
831.0      3155.17656
832.0      3144.85528
833.0      2681.56935
834.0      2635.57071
835.0      2247.98922
836.0      2174.63786
837.0      2189.70843
838.0      2785.98174
839.0      2888.11979
840.0      3305.05307
841.0      3025.19235
842.0      2890.42137
843.0      2361.22842
844.0      2577.79123
845.0      2315.83395
846.0      2201.41260
847.0      2168.60915
848.0      2854.23616
849.0      2968.72137
850.0      2973.38789
851.0      2781.81999
852.0      2919.82630
853.0      2625.85919
854.0      2600.01916
855.0      2422.82310
856.0      2517.27565
857.0      2434.15850
858.0      2879.19490
859.0      2891.53114
860.0      2982.16324
861.0      2780.43989
862.0      2899.70036
863.0      2640.65952
864.0      2687.75099
865.0      2480.90604
866.0      2511.61526
867.0      2435.82755
868.0      2833.20240
869.0      2812.42591
870.0      2812.35783
871.0      2692.54145
872.0      2850.40696
873.0      2600.71226
874.0      2553.75869
875.0      2384.48558
876.0      2570.52284
877.0      2527.77504
878.0      2918.54564
879.0      2919.89157
880.0      3046.96162
881.0      2918.19786
882.0      2977.58420
883.0      2602.19238
884.0      2672.43583
885.0      2654.40767
886.0      2832.76803
887.0      2682.56806
888.0      3016.70497
889.0      2959.97737
890.0      2814.15316
891.0      2554.88559
892.0      2740.57445
893.0      2649.07220
894.0      2609.48146
895.0      2568.08695
896.0      2881.09089
897.0      2913.51687
898.0      3029.09420
899.0      2814.57719
900.0      2871.27037
901.0      2783.86293
902.0      2913.11521
903.0      2620.39522
904.0      2844.05911
905.0      2888.97339
906.0      3054.16422
907.0      2806.94725
908.0      3028.61143
909.0      3061.47488
910.0      2983.65870
911.0      2723.20879
912.0      2881.02790
913.0      2889.44732
914.0      2840.94422
915.0      2723.88432
916.0      3032.57314
917.0      3046.46681
918.0      3048.51208
919.0      2840.15667
920.0      2998.41251
921.0      2952.21540
922.0      3065.21725
923.0      2933.85810
924.0      3153.76931
925.0      3217.36338
926.0      3307.96399
927.0      3146.59603
928.0      3254.79290
929.0      3228.61246
930.0      3120.67875
931.0      2949.48968
932.0      3160.32267
933.0      3222.61910
934.0      3262.39389
935.0      3240.88457
936.0      3522.19970
937.0      3491.22454
938.0      3349.49243
939.0      3074.16916
940.0      3129.29280
941.0      3068.18729
942.0      3105.16095
943.0      3000.62657
944.0      3162.52316
945.0      3201.37866
946.0      3307.32256
947.0      3157.79723
948.0      3160.39484
949.0      3071.47535
950.0      3046.60333
951.0      2949.05364
952.0      3121.55033
953.0      3230.98569
954.0      3285.60713
955.0      3226.21433
956.0      3393.67223
957.0      3346.10258
958.0      3221.89722
959.0      2972.27875
960.0      3085.29690
961.0      3056.62061
962.0      3145.30680
963.0      3139.09396
964.0      3351.26703
965.0      3349.58343
966.0      3338.95936
967.0      3191.09935
968.0      3196.23675
969.0      3144.72188
970.0      3152.02690
971.0      3087.39739
972.0      3180.31178
973.0      3243.89291
974.0      3320.65868
975.0      3273.25492
976.0      3386.79150
977.0      3319.38937
978.0      3259.20104
979.0      3092.38701
980.0      3264.98826
981.0      3294.93407
982.0      3431.39078
983.0      3491.67839
984.0      3664.64223
985.0      3611.92095
986.0      3555.29603
987.0      3466.27883
988.0      3494.86945
989.0      3427.93625
990.0      3433.84564
991.0      3382.52865
992.0      3472.94572
993.0      3512.86097
994.0      3624.93708
995.0      3573.79652
996.0      3643.67101
997.0      3582.79701
998.0      3563.89190
999.0      3385.10839
1000.0      3416.88194
1001.0      3368.28513
1002.0      3467.69550
1003.0      3544.48960
1004.0      3757.94625
1005.0      3757.79763
1006.0      3701.31921
1007.0      3523.34800
1008.0      3468.70889
1009.0      3352.34006
1010.0      3318.46778
1011.0      3242.85700
1012.0      3371.51677
1013.0      3497.29822
1014.0      3643.24881
1015.0      3551.20220
1016.0      3579.04116
1017.0      3517.97975
1018.0      3497.83439
1019.0      3320.94811
1020.0      3387.11546
1021.0      3367.52760
1022.0      3450.42386
1023.0      3449.26769
1024.0      3656.88125
1025.0      3637.32073
1026.0      3577.62607
1027.0      3430.84603
1028.0      3455.74472
1029.0      3436.30965
1030.0      3436.31208
1031.0      3411.70793
1032.0      3556.20134
1033.0      3647.68600
1034.0      3737.86862
1035.0      3631.85771
1036.0      3672.89092
1037.0      3591.31117
1038.0      3588.11524
1039.0      3463.91323
1040.0      3537.95505
1041.0      3554.22844
1042.0      3655.27226
1043.0      3649.88101
1044.0      3785.73013
1045.0      3801.62692
1046.0      3785.19885
1047.0      3694.21439
1048.0      3716.63421
1049.0      3679.66228
1050.0      3612.41560
1051.0      3540.44718
1052.0      3656.12341
1053.0      3731.81785
1054.0      3848.66643
1055.0      3759.09425
1056.0      3786.68810
1057.0      3736.83722
1058.0      3812.53223
1059.0      3731.95202
1060.0      3776.13150
1061.0      3778.93077
1062.0      3838.56359
1063.0      3815.72824
1064.0      3916.49403
1065.0      3896.51176
1066.0      3826.67143
1067.0      3695.42493
1068.0      3756.64534
1069.0      3758.68375
1070.0      3769.10370
1071.0      3731.50182
1072.0      3853.13921
1073.0      3896.13656
1074.0      3979.53888
1075.0      3941.75052
1076.0      3954.95843
1077.0      3840.52745
1078.0      3828.10410
1079.0      3766.51052
1080.0      3910.95031
1081.0      3911.83486
1082.0      3909.68666
1083.0      3777.31297
1084.0      3873.21132
1085.0      3869.62744
1086.0      3826.07376
1087.0      3701.91102
1088.0      3784.63768
1089.0      3834.94937
1090.0      3901.60781
1091.0      3882.72048
1092.0      3955.14028
1093.0      3908.24796
1094.0      3886.67538
1095.0      3797.92460
1096.0      3842.51148
1097.0      3798.28526
1098.0      3845.42458
1099.0      3810.89640
1100.0      3972.29213
1101.0      3999.03904
1102.0      4015.42436
1103.0      3884.96637
1104.0      3934.23794
1105.0      3966.06142
1106.0      3964.62922
1107.0      3884.12765
1108.0      3935.25378
1109.0      3936.07211
1110.0      3942.24500
1111.0      3886.15143
1112.0      3962.94378
1113.0      3918.35951
1114.0      3929.32530
1115.0      3879.82264
1116.0      3972.12085
1117.0      3913.17101
1118.0      3911.01753
1119.0      3853.98026
1120.0      3989.57371
1121.0      3997.20991
1122.0      3963.70183
1123.0      3817.48736
1124.0      3832.27998
1125.0      3860.55380
1126.0      3888.58516
1127.0      3840.32617
1128.0      3929.87030
1129.0      3990.46129
1130.0      4021.78397
1131.0      3957.17274
1132.0      4020.98969
1133.0      3937.84368
1134.0      3843.20660
1135.0      3693.66131
1136.0      3804.44667
1137.0      3816.74675
1138.0      3876.11381
1139.0      3863.13649
1140.0      4012.93364
1141.0      4015.52384
1142.0      3935.78282
1143.0      3771.59729
1144.0      3768.96420
1145.0      3787.57404
1146.0      3849.77087
1147.0      3818.33251
1148.0      3916.67621
1149.0      3965.48556
1150.0      4017.94678
1151.0      3930.81143
1152.0      3930.25895
1153.0      3849.14350
1154.0      3793.12814
1155.0      3692.61963
1156.0      3798.20468
1157.0      3832.79832
1158.0      3870.53764
1159.0      3833.04284
1160.0      3973.76948
1161.0      3980.48124
1162.0      3912.54721
1163.0      3769.74329
1164.0      3801.82343
1165.0      3812.28748
1166.0      3852.97882
1167.0      3839.21899
1168.0      3945.16149
1169.0      3997.37947
1170.0      4034.58067
1171.0      3963.66961
1172.0      3975.55998
1173.0      3901.10420
1174.0      3844.64735
1175.0      3735.64291
1176.0      3857.81567
1177.0      3899.60637
1178.0      3927.75825
1179.0      3854.87088
1180.0      3960.27294
1181.0      3939.66538
1182.0      3873.50527
1183.0      3754.65954
1184.0      3767.66017
1185.0      3759.80882
1186.0      3802.78140
1187.0      3820.22614
1188.0      3909.16616
1189.0      3911.06828
1190.0      3913.34622
1191.0      3823.77017
1192.0      3883.91540
1193.0      3837.71689
1194.0      3785.14110
1195.0      3652.32930
1196.0      3745.48013
1197.0      3813.87413
1198.0      3873.40611
1199.0      3827.36516
1200.0      3894.39437
1201.0      3869.93089
1202.0      3822.12757
1203.0      3705.97470
1204.0      3730.73790
1205.0      3698.25428
1206.0      3721.34335
1207.0      3739.27316
1208.0      3867.58302
1209.0      3871.64666
1210.0      3848.69577
1211.0      3746.90829
1212.0      3817.29241
1213.0      3792.12763
1214.0      3761.53880
1215.0      3656.19025
1216.0      3765.11870
1217.0      3824.73969
1218.0      3872.99875
1219.0      3807.53747
1220.0      3848.24313
1221.0      3808.56512
1222.0      3782.30564
1223.0      3691.27463
1224.0      3715.65243
1225.0      3699.24725
1226.0      3720.52583
1227.0      3754.47420
1228.0      3867.46936
1229.0      3849.26280
1230.0      3817.32259
1231.0      3751.27195
1232.0      3809.72673
1233.0      3752.31817
1234.0      3723.25736
1235.0      3635.16040
1236.0      3729.55487
1237.0      3781.12301
1238.0      3827.89512
1239.0      3734.02044
1240.0      3757.66753
1241.0      3745.60412
1242.0      3739.65865
1243.0      3660.53837
1244.0      3685.90636
1245.0      3677.94777
1246.0      3685.94418
1247.0      3690.35890
1248.0      3805.76770
1249.0      3783.83209
1250.0      3732.02554
1251.0      3630.03198
1252.0      3694.64069
1253.0      3682.35985
1254.0      3671.29233
1255.0      3607.73709
1256.0      3698.32222
1257.0      3744.45508
1258.0      3787.97934
1259.0      3725.02055
1260.0      3729.68073
1261.0      3686.50139
1262.0      3662.80601
1263.0      3607.98457
1264.0      3660.11470
1265.0      3698.11219
1266.0      3734.07425
1267.0      3715.57652
1268.0      3794.83481
1269.0      3758.11015
1270.0      3726.78784
1271.0      3662.92806
1272.0      3744.72901
1273.0      3775.18840
1274.0      3800.35235
1275.0      3747.64901
1276.0      3779.86304
1277.0      3760.09908
1278.0      3756.23193
1279.0      3674.37953
1280.0      3693.65805
1281.0      3659.19175
1282.0      3646.43461
1283.0      3592.67597
1284.0      3651.93100
1285.0      3681.67148
1286.0      3697.56158
1287.0      3647.27371
1288.0      3712.60069
1289.0      3708.44074
1290.0      3693.79910
1291.0      3596.05860
1292.0      3648.95569
1293.0      3654.49114
1294.0      3698.85391
1295.0      3672.84426
1296.0      3738.58108
1297.0      3698.49827
1298.0      3651.44799
1299.0      3589.52019
1300.0      3646.97608
1301.0      3656.61197
1302.0      3649.63026
1303.0      3623.45085
1304.0      3702.27237
1305.0      3731.72679
1306.0      3741.95698
1307.0      3683.83765
1308.0      3734.67554
1309.0      3750.32094
1310.0      3751.77978
1311.0      3671.15223
1312.0      3690.29033
1313.0      3700.51080
1314.0      3782.19437
1315.0      3761.20991
1316.0      3741.14849
1317.0      3629.52930
1318.0      3552.84532
1319.0      3480.19289
1320.0      3490.41956
1321.0      3475.05980
1322.0      3471.44048
1323.0      3471.52478
1324.0      3583.63929
1325.0      3607.04363
1326.0      3601.35111
1327.0      3506.99316
1328.0      3551.88723
1329.0      3557.28660
1330.0      3535.87313
1331.0      3443.75345
1332.0      3510.52902
1333.0      3587.69438
1334.0      3678.30389
1335.0      3661.36037
1336.0      3689.22340
1337.0      3616.64219
1338.0      3554.66271
1339.0      3520.73115
1340.0      3586.99947
1341.0      3586.84858
1342.0      3583.88917
1343.0      3584.42349
1344.0      3665.44387
1345.0      3667.55304
1346.0      3650.90704
1347.0      3543.29150
1348.0      3528.69213
1349.0      3501.74442
1350.0      3520.36255
1351.0      3473.08157
1352.0      3544.89246
1353.0      3568.82702
1354.0      3590.62028
1355.0      3510.23369
1356.0      3513.04566
1357.0      3451.65025
1358.0      3403.88714
1359.0      3357.70256
1360.0      3443.13296
1361.0      3464.21083
1362.0      3460.06070
1363.0      3440.48019
1364.0      3532.54405
1365.0      3518.46817
1366.0      3432.25952
1367.0      3303.94723
1368.0      3362.26819
1369.0      3377.11790
1370.0      3407.41773
1371.0      3351.06482
1372.0      3428.77471
1373.0      3439.43604
1374.0      3464.93974
1375.0      3415.72297
1376.0      3420.84094
1377.0      3381.48412
1378.0      3324.61570
1379.0      3246.07172
1380.0      3295.47352
1381.0      3320.65947
1382.0      3358.48239
1383.0      3339.10500
1384.0      3436.88514
1385.0      3439.30541
1386.0      3424.70687
1387.0      3327.74154
1388.0      3341.93252
1389.0      3306.90782
1390.0      3329.29769
1391.0      3322.71126
1392.0      3411.36027
1393.0      3432.57134
1394.0      3451.30094
1395.0      3397.34716
1396.0      3393.14306
1397.0      3347.12100
1398.0      3303.98503
1399.0      3223.65926
1400.0      3281.94010
1401.0      3350.86011
1402.0      3406.77073
1403.0      3345.80712
1404.0      3378.73428
1405.0      3336.83625
1406.0      3302.67095
1407.0      3217.17417
1408.0      3252.58517
1409.0      3238.02250
1410.0      3304.88327
1411.0      3371.05522
1412.0      3470.07667
1413.0      3424.80293
1414.0      3389.54120
1415.0      3289.21708
1416.0      3268.12764
1417.0      3191.36776
1418.0      3175.45086
1419.0      3156.71756
1420.0      3253.20616
1421.0      3337.15631
1422.0      3362.69806
1423.0      3301.39325
1424.0      3298.89606
1425.0      3275.31515
1426.0      3278.13749
1427.0      3212.24867
1428.0      3226.91352
1429.0      3141.11406
1430.0      3127.13053
1431.0      3113.00896
1432.0      3203.54479
1433.0      3194.40784
1434.0      3198.62607
1435.0      3159.18194
1436.0      3204.37787
1437.0      3195.47232
1438.0      3170.36189
1439.0      3099.13022
1440.0      3156.40230
1441.0      3215.15007
1442.0      3246.93603
1443.0      3177.13938
1444.0      3207.55801
1445.0      3185.69975
1446.0      3183.79352
1447.0      3078.63590
1448.0      3120.87859
1449.0      3116.94330
1450.0      3160.84829
1451.0      3157.70415
1452.0      3238.98718
1453.0      3218.93770
1454.0      3153.40076
1455.0      3074.90779
1456.0      3109.13527
1457.0      3102.15502
1458.0      3081.64553
1459.0      3037.64214
1460.0      3143.26340
1461.0      3195.98552
1462.0      3229.20043
1463.0      3130.46122
1464.0      3138.44739
1465.0      3095.54411
1466.0      3079.83176
1467.0      2984.62024
1468.0      3018.62157
1469.0      3052.27357
1470.0      3113.01878
1471.0      3110.96049
1472.0      3178.18614
1473.0      3142.50542
1474.0      3070.47571
1475.0      2975.94289
1476.0      3016.04486
1477.0      3028.34834
1478.0      3023.84374
1479.0      2998.59562
1480.0      3070.86441
1481.0      3075.90076
1482.0      3079.86554
1483.0      3006.43715
1484.0      3023.52715
1485.0      2972.88332
1486.0      2962.01354
1487.0      2907.87016
1488.0      2977.67336
1489.0      3009.27944
1490.0      3028.64495
1491.0      2976.98826
1492.0      3047.88810
1493.0      3046.01166
1494.0      3017.71819
1495.0      2952.91740
1496.0      3005.46739
1497.0      3031.21751
1498.0      3034.66883
1499.0      3021.85911
1500.0      3074.37436
1501.0      3070.84795
1502.0      3061.93084
1503.0      2985.63472
1504.0      3013.62701
1505.0      2962.70715
1506.0      2962.13523
1507.0      2918.63417
1508.0      3007.29194
1509.0      3022.49993
1510.0      3023.31488
1511.0      2961.40693
1512.0      2986.37745
1513.0      2963.49694
1514.0      2903.90252
1515.0      2818.97238
1516.0      2846.83591
1517.0      2860.16771
1518.0      2869.68654
1519.0      2851.72194
1520.0      2942.12638
1521.0      2942.38472
1522.0      2943.52563
1523.0      2878.22057
1524.0      2927.89854
1525.0      2877.65373
1526.0      2865.00296
1527.0      2832.53764
1528.0      2936.16940
1529.0      2962.70284
1530.0      2964.39899
1531.0      2884.41370
1532.0      2875.38405
1533.0      2858.64253
1534.0      2831.93541
1535.0      2769.43977
1536.0      2823.03832
1537.0      2862.28686
1538.0      2893.53504
1539.0      2828.14840
1540.0      2879.33568
1541.0      2840.53374
1542.0      2830.65680
1543.0      2765.44673
1544.0      2823.45537
1545.0      2813.96597
1546.0      2839.14137
1547.0      2852.11799
1548.0      2939.94397
1549.0      2897.06723
1550.0      2835.79309
1551.0      2740.48720
1552.0      2772.58134
1553.0      2797.40321
1554.0      2811.18039
1555.0      2745.07868
1556.0      2760.06869
1557.0      2770.02506
1558.0      2772.76826
1559.0      2694.08196
1560.0      2717.73326
1561.0      2699.74868
1562.0      2712.66635
1563.0      2674.79110
1564.0      2749.93674
1565.0      2732.40523
1566.0      2720.31133
1567.0      2678.38596
1568.0      2758.07193
1569.0      2730.42770
1570.0      2675.93688
1571.0      2598.13635
1572.0      2631.77435
1573.0      2637.50544
1574.0      2653.85108
1575.0      2652.58190
1576.0      2732.11665
1577.0      2757.63630
1578.0      2758.88203
1579.0      2674.44021
1580.0      2691.55984
1581.0      2663.40219
1582.0      2658.54117
1583.0      2586.31780
1584.0      2666.91825
1585.0      2694.26713
1586.0      2743.69391
1587.0      2712.45272
1588.0      2764.60381
1589.0      2730.27428
1590.0      2669.34073
1591.0      2581.81728
1592.0      2604.60023
1593.0      2618.25220
1594.0      2654.65544
1595.0      2647.75110
1596.0      2734.13655
1597.0      2731.43171
1598.0      2712.78481
1599.0      2605.56737
1600.0      2602.56241
1601.0      2545.48692
1602.0      2520.07208
1603.0      2494.54917
1604.0      2631.33876
1605.0      2702.90869
1606.0      2723.30697
1607.0      2636.30395
1608.0      2650.56894
1609.0      2625.54105
1610.0      2584.03103
1611.0      2490.80634
1612.0      2535.49746
1613.0      2568.42613
1614.0      2610.31844
1615.0      2589.22110
1616.0      2652.43689
1617.0      2623.80548
1618.0      2591.35708
1619.0      2504.71325
1620.0      2514.47404
1621.0      2471.21161
1622.0      2472.68385
1623.0      2452.27717
1624.0      2568.11129
1625.0      2609.39002
1626.0      2624.38573
1627.0      2525.07885
1628.0      2539.39990
1629.0      2523.17332
1630.0      2513.49390
1631.0      2446.49367
1632.0      2490.35669
1633.0      2521.47792
1634.0      2561.50363
1635.0      2565.37748
1636.0      2630.13275
1637.0      2612.90913
1638.0      2585.76689
1639.0      2527.61780
1640.0      2557.75631
1641.0      2510.25198
1642.0      2487.85968
1643.0      2428.70826
1644.0      2501.24756
1645.0      2523.28751
1646.0      2525.84526
1647.0      2413.87654
1648.0      2410.40108
1649.0      2402.57225
1650.0      2396.64259
1651.0      2333.86437
1652.0      2394.08082
1653.0      2442.32377
1654.0      2479.72316
1655.0      2468.49366
1656.0      2523.54955
1657.0      2490.65902
1658.0      2447.45993
1659.0      2382.03180
1660.0      2428.38170
1661.0      2384.61390
1662.0      2356.56817
1663.0      2301.13972
1664.0      2378.75830
1665.0      2409.15814
1666.0      2412.81082
1667.0      2313.75142
1668.0      2297.34978
1669.0      2280.35987
1670.0      2296.69955
1671.0      2243.55254
1672.0      2290.86200
1673.0      2335.49524
1674.0      2403.78569
1675.0      2390.36834
1676.0      2419.76592
1677.0      2369.54595
1678.0      2327.39343
1679.0      2250.51072
1680.0      2303.94739
1681.0      2278.61653
1682.0      2306.76936
1683.0      2274.59199
1684.0      2351.19258
1685.0      2350.97374
1686.0      2368.02145
1687.0      2304.02696
1688.0      2300.75383
1689.0      2271.39997
1690.0      2266.40626
1691.0      2228.05532
1692.0      2245.11495
1693.0      2256.77681
1694.0      2294.82019
1695.0      2271.81054
1696.0      2298.06345
1697.0      2279.99115
1698.0      2279.78204
1699.0      2185.56251
1700.0      2200.49333
1701.0      2185.87983
1702.0      2214.07271
1703.0      2178.76765
1704.0      2248.94208
1705.0      2254.75554
1706.0      2259.73956
1707.0      2208.15954
1708.0      2217.76770
1709.0      2166.93011
1710.0      2152.55016
1711.0      2149.89313
1712.0      2226.65799
1713.0      2232.94143
1714.0      2247.11325
1715.0      2196.96609
1716.0      2243.10814
1717.0      2221.84803
1718.0      2219.29663
1719.0      2138.61266
1720.0      2176.20373
1721.0      2217.45345
1722.0      2268.44762
1723.0      2240.76054
1724.0      2273.71494
1725.0      2264.12622
1726.0      2252.88808
1727.0      2194.97055
1728.0      2233.23974
1729.0      2218.82734
1730.0      2224.51434
1731.0      2215.25546
1732.0      2283.63199
1733.0      2264.53033
1734.0      2237.76073
1735.0      2194.95478
1736.0      2282.42740
1737.0      2297.19186
1738.0      2291.96447
1739.0      2224.80241
1740.0      2270.54233
1741.0      2286.00304
1742.0      2297.50996
1743.0      2235.98830
1744.0      2246.59693
1745.0      2232.49356
1746.0      2236.52933
1747.0      2199.06921
1748.0      2235.88539
1749.0      2222.39171
1750.0      2212.47774
1751.0      2202.01287
1752.0      2262.19936
1753.0      2254.47724
1754.0      2228.12803
1755.0      2180.60589
1756.0      2236.62071
1757.0      2235.25414
1758.0      2233.86567
1759.0      2175.63232
1760.0      2225.85544
1761.0      2229.22284
1762.0      2254.40475
1763.0      2215.78327
1764.0      2236.26418
1765.0      2215.76859
1766.0      2202.10180
1767.0      2170.33872
1768.0      2206.39665
1769.0      2217.28811
1770.0      2215.90274
1771.0      2179.41875
1772.0      2248.09746
1773.0      2250.70112
1774.0      2238.13999
1775.0      2162.25176
1776.0      2205.77731
1777.0      2180.35335
1778.0      2178.49787
1779.0      2149.73495
1780.0      2211.01244
1781.0      2210.85137
1782.0      2207.21137
1783.0      2159.94009
1784.0      2172.02047
1785.0      2157.09210
1786.0      2144.09141
1787.0      2115.37165
1788.0      2187.83621
1789.0      2216.81581
1790.0      2219.25159
1791.0      2144.80278
1792.0      2172.76599
1793.0      2152.57372
1794.0      2140.34135
1795.0      2087.54314
1796.0      2140.67350
1797.0      2154.49683
1798.0      2172.21275
1799.0      2153.39742
1800.0      2187.11759
1801.0      2164.39402
1802.0      2146.70548
1803.0      2105.60255
1804.0      2127.09566
1805.0      2120.77317
1806.0      2128.48148
1807.0      2109.08863
1808.0      2170.50480
1809.0      2187.16779
1810.0      2176.14339
1811.0      2101.65528
1812.0      2129.55760
1813.0      2128.65876
1814.0      2120.91612
1815.0      2055.77136
1816.0      2105.57893
1817.0      2122.56212
1818.0      2156.19689
1819.0      2129.95053
1820.0      2152.29521
1821.0      2096.07991
1822.0      2066.61251
1823.0      2028.09114
1824.0      2060.00306
1825.0      2061.93585
1826.0      2085.71473
1827.0      2084.16072
1828.0      2129.62224
1829.0      2098.49822
1830.0      2048.67640
1831.0      1968.28389
1832.0      2011.24338
1833.0      2039.16955
1834.0      2064.24609
1835.0      1999.52974
1836.0      2033.88431
1837.0      2054.14087
1838.0      2087.50565
1839.0      2062.96743
1840.0      2074.72318
1841.0      2013.88247
1842.0      1952.63257
1843.0      1922.24791
1844.0      1987.27276
1845.0      2020.59177
1846.0      2035.80467
1847.0      2027.34378
1848.0      2111.07210
1849.0      2109.01075
1850.0      2067.54316
1851.0      1972.53839
1852.0      1979.02479
1853.0      1955.50990
1854.0      1953.14285
1855.0      1923.81257
1856.0      1994.43393
1857.0      2047.07170
1858.0      2071.83605
1859.0      2014.71069
1860.0      2012.52025
1861.0      1994.86035
1862.0      1964.79799
1863.0      1917.62248
1864.0      1966.67191
1865.0      2005.89134
1866.0      2048.87423
1867.0      2048.21912
1868.0      2103.08258
1869.0      2069.03186
1870.0      2023.18072
1871.0      1935.73406
1872.0      1934.95645
1873.0      1925.91964
1874.0      1957.79704
1875.0      1962.51640
1876.0      2042.01367
1877.0      2065.72649
1878.0      2056.26983
1879.0      1972.18760
1880.0      1992.24883
1881.0      2015.06754
1882.0      2031.31224
1883.0      1970.25384
1884.0      1974.89886
1885.0      1964.15420
1886.0      1976.06239
1887.0      1962.34594
1888.0      2002.49705
1889.0      1975.34396
1890.0      1932.78934
1891.0      1866.49727
1892.0      1897.72936
1893.0      1891.59507
1894.0      1916.91442
1895.0      1903.26522
1896.0      1975.65504
1897.0      1980.79407
1898.0      1975.06227
1899.0      1911.80309
1900.0      1915.42403
1901.0      1894.21416
1902.0      1883.25329
1903.0      1840.49181
1904.0      1879.56533
1905.0      1897.47396
1906.0      1927.93393
1907.0      1920.93429
1908.0      1975.99198
1909.0      1947.17074
1910.0      1906.06990
1911.0      1833.60113
1912.0      1874.92553
1913.0      1860.54526
1914.0      1867.15134
1915.0      1848.95151
1916.0      1919.93835
1917.0      1941.89193
1918.0      1933.19757
1919.0      1874.50372
1920.0      1859.83964
1921.0      1821.77176
1922.0      1809.09414
1923.0      1781.50494
1924.0      1837.56783
1925.0      1867.99902
1926.0      1921.84921
1927.0      1905.12345
1928.0      1928.53277
1929.0      1885.35747
1930.0      1859.93732
1931.0      1787.56577
1932.0      1814.83226
1933.0      1815.65409
1934.0      1844.34746
1935.0      1834.16501
1936.0      1876.25525
1937.0      1863.21671
1938.0      1838.22740
1939.0      1793.22427
1940.0      1798.46151
1941.0      1779.76282
1942.0      1776.72243
1943.0      1756.57421
1944.0      1802.08221
1945.0      1814.59709
1946.0      1823.40511
1947.0      1771.43645
1948.0      1787.86099
1949.0      1777.62681
1950.0      1779.62610
1951.0      1725.96007
1952.0      1764.92041
1953.0      1786.63619
1954.0      1823.85077
1955.0      1801.38392
1956.0      1834.50549
1957.0      1817.17703
1958.0      1806.48734
1959.0      1773.75791
1960.0      1791.12227
1961.0      1761.78519
1962.0      1737.42740
1963.0      1719.23163
1964.0      1777.09537
1965.0      1793.28360
1966.0      1795.91067
1967.0      1733.27790
1968.0      1759.87785
1969.0      1748.99321
1970.0      1748.59828
1971.0      1678.37729
1972.0      1705.70145
1973.0      1734.36012
1974.0      1768.12638
1975.0      1734.47989
1976.0      1732.87808
1977.0      1718.88367
1978.0      1721.96027
1979.0      1690.32230
1980.0      1713.77519
1981.0      1704.57198
1982.0      1708.52540
1983.0      1697.77521
1984.0      1756.71815
1985.0      1757.18361
1986.0      1742.64328
1987.0      1689.82332
1988.0      1729.62774
1989.0      1720.39577
1990.0      1710.17247
1991.0      1645.80154
1992.0      1673.54720
1993.0      1689.22516
1994.0      1715.38290
1995.0      1687.38838
1996.0      1706.95422
1997.0      1692.50484
1998.0      1680.86442
1999.0      1640.11011
2000.0      1672.87275
2001.0      1677.24006
2002.0      1675.82690
2003.0      1653.57924
2004.0      1701.93022
2005.0      1696.96764
2006.0      1681.96928
2007.0      1642.09137
2008.0      1684.53609
2009.0      1673.84633
2010.0      1674.66241
2011.0      1630.40873
2012.0      1661.85870
2013.0      1665.73912
2014.0      1695.39932
2015.0      1661.07009
2016.0      1670.02040
2017.0      1649.87258
2018.0      1639.51236
2019.0      1623.24503
2020.0      1663.12307
2021.0      1674.17807
2022.0      1654.91879
2023.0      1610.97072
2024.0      1645.25341
2025.0      1630.97896
2026.0      1623.34839
2027.0      1574.36452
2028.0      1620.90533
2029.0      1630.48127
2030.0      1660.18143
2031.0      1619.25123
2032.0      1617.12797
2033.0      1584.16233
2034.0      1587.77149
2035.0      1555.30851
2036.0      1579.86804
2037.0      1589.67739
2038.0      1588.72283
2039.0      1562.66562
2040.0      1593.61832
2041.0      1605.89637
2042.0      1589.96105
2043.0      1533.71643
2044.0      1575.86971
2045.0      1573.38538
2046.0      1576.40432
2047.0      1536.13172
2048.0      1583.68029
2049.0      1583.82616
2050.0      1590.25936
2051.0      1567.56541
2052.0      1585.34370
2053.0      1561.00808
2054.0      1550.09667
2055.0      1534.61657
2056.0      1581.41605
2057.0      1591.40537
2058.0      1596.12199
2059.0      1573.67677
2060.0      1608.85063
2061.0      1604.56243
2062.0      1597.35059
2063.0      1541.90029
2064.0      1555.89664
2065.0      1546.99286
2066.0      1559.98120
2067.0      1527.57020
2068.0      1563.55535
2069.0      1565.25082
2070.0      1589.65512
2071.0      1559.94295
2072.0      1573.93791
2073.0      1529.63120
2074.0      1516.97382
2075.0      1500.18804
2076.0      1531.68458
2077.0      1519.41292
2078.0      1515.07223
2079.0      1506.45560
2080.0      1553.02844
2081.0      1552.18136
2082.0      1529.79862
2083.0      1467.50768
2084.0      1486.57175
2085.0      1497.86053
2086.0      1513.76927
2087.0      1475.99205
2088.0      1505.60228
2089.0      1523.08369
2090.0      1581.93596
2091.0      1555.72984
2092.0      1554.01406
2093.0      1490.95616
2094.0      1459.19197
2095.0      1431.12776
2096.0      1464.91822
2097.0      1472.53566
2098.0      1475.31713
2099.0      1473.97933
2100.0      1514.26205
2101.0      1500.75848
2102.0      1482.65535
2103.0      1417.09782
2104.0      1423.98131
2105.0      1417.22000
2106.0      1442.66918
2107.0      1419.15610
2108.0      1470.93453
2109.0      1513.65457
2110.0      1546.96690
2111.0      1495.21699
2112.0      1473.23168
2113.0      1431.89355
2114.0      1396.55374
2115.0      1369.37968
2116.0      1419.27898
2117.0      1447.14165
2118.0      1457.27504
2119.0      1444.31734
2120.0      1491.97749
2121.0      1475.19008
2122.0      1436.59494
2123.0      1363.06016
2124.0      1366.88232
2125.0      1362.52718
2126.0      1396.25918
2127.0      1397.88465
2128.0      1444.15286
2129.0      1454.34989
2130.0      1460.94018
2131.0      1417.72449
2132.0      1410.05675
2133.0      1379.37085
2134.0      1356.10632
2135.0      1325.55248
2136.0      1369.01539
2137.0      1402.29480
2138.0      1433.04011
2139.0      1415.22322
2140.0      1436.91950
2141.0      1417.14899
2142.0      1389.97906
2143.0      1340.60985
2144.0      1353.34043
2145.0      1339.14161
2146.0      1369.55961
2147.0      1375.46728
2148.0      1445.60088
2149.0      1444.23198
2150.0      1457.49405
2151.0      1414.31767
2152.0      1403.19070
2153.0      1352.88456
2154.0      1322.51885
2155.0      1310.59264
2156.0      1367.94981
2157.0      1411.03903
2158.0      1432.84466
2159.0      1402.18692
2160.0      1411.16640
2161.0      1382.15364
2162.0      1359.34948
2163.0      1298.79881
2164.0      1312.17149
2165.0      1290.48501
2166.0      1315.00514
2167.0      1322.82788
2168.0      1379.70405
2169.0      1363.57341
2170.0      1357.10338
2171.0      1347.73506
2172.0      1369.15250
2173.0      1347.86855
2174.0      1322.51903
2175.0      1293.96179
2176.0      1330.17886
2177.0      1374.45716
2178.0      1406.84961
2179.0      1357.44557
2180.0      1344.29215
2181.0      1320.09065
2182.0      1317.43019
2183.0      1275.11634
2184.0      1300.81583
2185.0      1294.30930
2186.0      1320.91706
2187.0      1336.96012
2188.0      1384.86696
2189.0      1371.37242
2190.0      1354.58188
2191.0      1327.20521
2192.0      1331.91558
2193.0      1300.18668
2194.0      1290.15159
2195.0      1268.16115
2196.0      1312.89729
2197.0      1340.68688
2198.0      1376.77783
2199.0      1348.30098
2200.0      1345.74809
2201.0      1315.97924
2202.0      1315.82542
2203.0      1282.98881
2204.0      1303.03567
2205.0      1289.75014
2206.0      1313.62591
2207.0      1307.96775
2208.0      1342.41341
2209.0      1320.34484
2210.0      1307.37317
2211.0      1267.68644
2212.0      1270.92068
2213.0      1243.81357
2214.0      1234.69879
2215.0      1230.92438
2216.0      1281.32725
2217.0      1312.06481
2218.0      1329.06740
2219.0      1299.52637
2220.0      1301.23997
2221.0      1277.60306
2222.0      1283.20440
2223.0      1232.04959
2224.0      1240.04485
2225.0      1231.00839
2226.0      1274.63740
2227.0      1277.37481
2228.0      1316.66771
2229.0      1300.32989
2230.0      1280.99721
2231.0      1246.25250
2232.0      1259.43485
2233.0      1246.35375
2234.0      1235.40063
2235.0      1228.62400
2236.0      1268.61151
2237.0      1272.03404
2238.0      1293.39548
2239.0      1271.74850
2240.0      1261.31487
2241.0      1196.67022
2242.0      1190.63862
2243.0      1164.16803
2244.0      1188.28053
2245.0      1198.15636
2246.0      1231.51766
2247.0      1219.92320
2248.0      1240.56614
2249.0      1239.87053
2250.0      1224.42307
2251.0      1173.96555
2252.0      1178.01735
2253.0      1180.54807
2254.0      1193.69856
2255.0      1184.84103
2256.0      1229.17538
2257.0      1220.38821
2258.0      1220.66767
2259.0      1195.40319
2260.0      1213.44823
2261.0      1177.66099
2262.0      1165.26494
2263.0      1159.17237
2264.0      1198.22554
2265.0      1203.37090
2266.0      1213.55827
2267.0      1179.83606
2268.0      1195.14503
2269.0      1189.51901
2270.0      1188.44920
2271.0      1146.22564
2272.0      1159.58795
2273.0      1170.24531
2274.0      1177.53355
2275.0      1154.53908
2276.0      1183.86229
2277.0      1179.85904
2278.0      1180.33131
2279.0      1143.83332
2280.0      1181.66299
2281.0      1172.52414
2282.0      1178.34595
2283.0      1154.02416
2284.0      1172.02451
2285.0      1159.36096
2286.0      1175.25274
2287.0      1157.65740
2288.0      1166.68695
2289.0      1158.46773
2290.0      1162.66960
2291.0      1122.76345
2292.0      1127.43620
2293.0      1134.91600
2294.0      1157.41398
2295.0      1137.84107
2296.0      1158.84493
2297.0      1142.31507
2298.0      1141.37228
2299.0      1113.40125
2300.0      1157.67148
2301.0      1151.36626
2302.0      1149.08794
2303.0      1132.80514
2304.0      1168.56598
2305.0      1149.71732
2306.0      1132.42417
2307.0      1109.70201
2308.0      1117.67166
2309.0      1105.40270
2310.0      1118.40004
2311.0      1109.14947
2312.0      1134.31610
2313.0      1131.45571
2314.0      1147.52056
2315.0      1100.59743
2316.0      1106.28766
2317.0      1082.76380
2318.0      1083.03692
2319.0      1057.78576
2320.0      1095.99147
2321.0      1103.30683
2322.0      1109.08471
2323.0      1081.93012
2324.0      1106.13795
2325.0      1086.13613
2326.0      1072.04303
2327.0      1044.50684
2328.0      1069.79556
2329.0      1069.75643
2330.0      1085.22224
2331.0      1086.01199
2332.0      1111.20432
2333.0      1090.57799
2334.0      1087.96146
2335.0      1043.41315
2336.0      1048.42197
2337.0      1034.20542
2338.0      1047.87386
2339.0      1033.35622
2340.0      1077.89973
2341.0      1093.47315
2342.0      1103.39437
2343.0      1067.72716
2344.0      1072.77043
2345.0      1041.07509
2346.0      1031.29318
2347.0      1017.32888
2348.0      1042.24210
2349.0      1039.33494
2350.0      1053.01257
2351.0      1062.44062
2352.0      1091.74095
2353.0      1067.49816
2354.0      1047.25204
2355.0      997.32553
2356.0      1000.60462
2357.0      983.62962
2358.0      1003.64883
2359.0      983.25465
2360.0      1024.46791
2361.0      1045.38928
2362.0      1072.88867
2363.0      1033.65990
2364.0      1025.60589
2365.0      1008.16813
2366.0      1004.37263
2367.0      987.59801
2368.0      1014.14742
2369.0      1022.47154
2370.0      1049.55386
2371.0      1048.33551
2372.0      1083.94334
2373.0      1050.18345
2374.0      1024.32895
2375.0      975.55279
2376.0      991.51546
2377.0      970.39914
2378.0      975.45927
2379.0      964.94449
2380.0      1018.39033
2381.0      1038.04902
2382.0      1056.34706
2383.0      1001.60942
2384.0      970.17278
2385.0      953.32422
2386.0      959.52068
2387.0      938.74540
2388.0      954.17318
2389.0      975.51051
2390.0      1016.30309
2391.0      1013.41916
2392.0      1047.33428
2393.0      1018.04932
2394.0      987.67653
2395.0      936.21577
2396.0      960.11720
2397.0      957.22762
2398.0      976.93200
2399.0      984.54602
2400.0      1032.82126
2401.0      1022.42368
2402.0      1020.66946
2403.0      978.96761
2404.0      966.40900
2405.0      941.56690
2406.0      948.15647
2407.0      940.49088
2408.0      967.67216
2409.0      988.93681
2410.0      1008.54284
2411.0      994.37552
2412.0      1012.18808
2413.0      980.26282
2414.0      939.10033
2415.0      892.30473
2416.0      946.14041
2417.0      958.09659
2418.0      976.56347
2419.0      964.11911
2420.0      1011.33879
2421.0      1015.96081
2422.0      1009.07312
2423.0      961.51755
2424.0      934.75809
2425.0      912.89691
2426.0      920.18128
2427.0      915.20487
2428.0      950.21016
2429.0      972.26064
2430.0      1007.17707
2431.0      994.10247
2432.0      1007.97071
2433.0      968.96729
2434.0      928.73859
2435.0      867.28188
2436.0      900.52021
2437.0      909.23819
2438.0      928.14068
2439.0      914.05868
2440.0      955.98791
2441.0      955.07960
2442.0      944.10151
2443.0      919.20271
2444.0      923.14334
2445.0      898.19446
2446.0      899.68930
2447.0      902.01139
2448.0      956.44485
2449.0      960.45361
2450.0      976.27970
2451.0      945.61220
2452.0      958.11504
2453.0      919.33231
2454.0      884.74437
2455.0      829.39088
2456.0      871.99384
2457.0      912.42524
2458.0      955.23860
2459.0      937.02758
2460.0      966.79969
2461.0      952.04785
2462.0      927.14054
2463.0      878.28376
2464.0      890.02878
2465.0      873.85099
2466.0      869.09325
2467.0      874.12630
2468.0      935.53865
2469.0      948.82959
2470.0      953.62513
2471.0      917.25203
2472.0      914.97594
2473.0      866.54730
2474.0      841.85255
2475.0      789.80030
2476.0      817.16986
2477.0      843.44993
2478.0      896.25281
2479.0      890.96095
2480.0      912.65627
2481.0      898.00450
2482.0      885.53448
2483.0      848.05394
2484.0      851.67979
2485.0      835.49336
2486.0      837.08617
2487.0      856.10139
2488.0      919.66914
2489.0      918.54883
2490.0      904.79740
2491.0      870.19770
2492.0      895.84760
2493.0      864.98146
2494.0      867.65446
2495.0      838.43313
2496.0      874.59164
2497.0      895.89880
2498.0      931.59939
2499.0      909.68322
2500.0      906.50813
