800.0      620886445.83881
801.0      235883086.22272
802.0      -68913752.68730
803.0      15152.25066
804.0      449.50786
805.0      1412.35230
806.0      1710.88782
807.0      1668.42792
808.0      2247.94699
809.0      2502.04457
810.0      2892.92252
811.0      2693.93342
812.0      3144.97448
813.0      2891.21153
814.0      2617.58503
815.0      2397.74544
816.0      3351.87651
817.0      3577.52449
818.0      3619.41920
819.0      3180.96498
820.0      3374.57525
821.0      3098.47463
822.0      3378.93265
823.0      3193.01072
824.0      3210.51208
825.0      2930.84833
826.0      3502.97773
827.0      3365.82600
828.0      3501.00643
829.0      3203.40075
830.0      3444.40944
831.0      2996.69727
832.0      3338.60902
833.0      3270.27675
834.0      3333.22314
835.0      3042.58395
836.0      3577.46253
837.0      3497.72763
838.0      3236.59919
839.0      2940.06487
840.0      3353.10904
841.0      3141.83168
842.0      3217.87835
843.0      3177.19880
844.0      3496.36467
845.0      3147.92509
846.0      3354.33111
847.0      3141.45385
848.0      3068.50265
849.0      2741.88853
850.0      3046.32206
851.0      2842.13240
852.0      3158.15981
853.0      3154.73688
854.0      3530.11308
855.0      3152.73510
856.0      3409.59426
857.0      3272.35675
858.0      3244.65474
859.0      3003.35683
860.0      3290.18325
861.0      3290.07374
862.0      3446.59837
863.0      3600.58687
864.0      4103.72310
865.0      3829.84268
866.0      3683.42319
867.0      3287.08420
868.0      3437.72651
869.0      3103.86282
870.0      3210.06426
871.0      2988.94918
872.0      3389.73888
873.0      3494.16601
874.0      3919.61269
875.0      3638.93341
876.0      3594.63070
877.0      3371.00408
878.0      3397.05493
879.0      3215.30005
880.0      3348.66057
881.0      3372.40277
882.0      3560.35546
883.0      3605.11455
884.0      4023.24290
885.0      3868.14452
886.0      3650.34452
887.0      3177.64798
888.0      3388.24492
889.0      3344.54293
890.0      3488.71931
891.0      3340.20857
892.0      3761.43687
893.0      3876.59599
894.0      4058.00453
895.0      3706.57197
896.0      3612.87202
897.0      3417.98334
898.0      3369.22457
899.0      3103.67656
900.0      3236.94353
901.0      3372.70751
902.0      3599.70970
903.0      3518.71307
904.0      3795.81157
905.0      3685.19153
906.0      3518.64974
907.0      3185.83961
908.0      3445.24595
909.0      3397.70526
910.0      3413.49929
911.0      3320.45647
912.0      3706.85040
913.0      3826.88248
914.0      3973.87757
915.0      3756.34024
916.0      3699.12314
917.0      3552.62112
918.0      3589.96998
919.0      3402.37275
920.0      3480.68196
921.0      3583.32057
922.0      3820.48380
923.0      3819.77690
924.0      4016.57124
925.0      3959.47158
926.0      3829.14545
927.0      3494.88526
928.0      3646.98812
929.0      3602.04084
930.0      3673.68474
931.0      3617.94225
932.0      3930.39414
933.0      3941.58163
934.0      3931.84672
935.0      3811.09161
936.0      3819.10033
937.0      3655.50785
938.0      3565.39882
939.0      3514.08903
940.0      3771.08282
941.0      3956.81113
942.0      4134.13998
943.0      3934.51063
944.0      3883.25469
945.0      3743.82133
946.0      3719.43742
947.0      3483.85639
948.0      3594.26881
949.0      3647.64453
950.0      3785.96826
951.0      3767.57399
952.0      4016.21154
953.0      4019.14520
954.0      3929.78746
955.0      3734.29966
956.0      3748.02679
957.0      3647.03145
958.0      3604.61151
959.0      3584.78964
960.0      3812.99563
961.0      3884.53763
962.0      3953.36393
963.0      3825.77146
964.0      3897.54426
965.0      3838.67031
966.0      3869.21062
967.0      3739.99826
968.0      3829.97964
969.0      3845.12909
970.0      3933.67616
971.0      3876.20053
972.0      3988.91506
973.0      3949.12002
974.0      3923.19970
975.0      3842.00794
976.0      3917.74245
977.0      3800.97158
978.0      3695.70465
979.0      3681.68059
980.0      3872.41305
981.0      3889.73176
982.0      3907.60559
983.0      3845.31449
984.0      3956.81064
985.0      3901.59017
986.0      3977.38238
987.0      3889.53152
988.0      3974.42019
989.0      3961.51496
990.0      4037.30240
991.0      3945.86625
992.0      3969.94856
993.0      4000.94755
994.0      4089.48194
995.0      4020.16436
996.0      4042.95444
997.0      3993.25255
998.0      3987.81901
999.0      3938.65373
1000.0      4037.95706
1001.0      3967.78880
1002.0      3960.02304
1003.0      3916.05530
1004.0      4042.14095
1005.0      3949.97214
1006.0      3980.15946
1007.0      3923.03191
1008.0      4029.12750
1009.0      3992.71973
1010.0      4023.67418
1011.0      3923.41878
1012.0      3936.40680
1013.0      3919.85325
1014.0      3944.13856
1015.0      3840.06784
1016.0      3919.60667
1017.0      3936.05513
1018.0      4019.21942
1019.0      3948.33350
1020.0      4037.05850
1021.0      3933.66902
1022.0      3912.79622
1023.0      3824.19326
1024.0      3924.47076
1025.0      3922.15629
1026.0      4000.03104
1027.0      4009.85438
1028.0      4109.08120
1029.0      4048.29979
1030.0      4011.46708
1031.0      3874.53207
1032.0      3906.39671
1033.0      3906.58766
1034.0      3974.84202
1035.0      3948.43261
1036.0      4047.69285
1037.0      4076.44175
1038.0      4108.52668
1039.0      4003.92863
1040.0      4040.17899
1041.0      3968.88178
1042.0      3936.12711
1043.0      3873.45269
1044.0      4005.78871
1045.0      4023.21863
1046.0      4083.54177
1047.0      4094.74365
1048.0      4185.38167
1049.0      4062.15800
1050.0      3997.76040
1051.0      3884.97029
1052.0      3945.48096
1053.0      3951.05625
1054.0      4008.05170
1055.0      3991.95998
1056.0      4100.31157
1057.0      4188.72250
1058.0      4257.44775
1059.0      4143.66190
1060.0      4133.52726
1061.0      4038.69199
1062.0      4044.54440
1063.0      3958.50959
1064.0      4101.35099
1065.0      4131.78093
1066.0      4222.46098
1067.0      4195.27836
1068.0      4291.39996
1069.0      4249.66219
1070.0      4180.92341
1071.0      4067.99348
1072.0      4085.58206
1073.0      4075.35588
1074.0      4117.96402
1075.0      4166.19769
1076.0      4342.66785
1077.0      4337.33959
1078.0      4335.63373
1079.0      4164.75646
1080.0      4164.79456
1081.0      4066.75085
1082.0      4084.72345
1083.0      3998.42281
1084.0      4121.59628
1085.0      4216.87635
1086.0      4311.24552
1087.0      4280.92931
1088.0      4329.89510
1089.0      4240.18595
1090.0      4106.65947
1091.0      4014.70772
1092.0      4116.75082
1093.0      4136.64446
1094.0      4178.62742
1095.0      4214.80956
1096.0      4406.76821
1097.0      4394.77105
1098.0      4360.99955
1099.0      4189.74374
1100.0      4209.68802
1101.0      4162.26995
1102.0      4151.14150
1103.0      4041.43578
1104.0      4135.07890
1105.0      4210.84874
1106.0      4301.22656
1107.0      4245.97633
1108.0      4290.10998
1109.0      4225.61477
1110.0      4161.84597
1111.0      4062.54432
1112.0      4141.00711
1113.0      4172.58389
1114.0      4211.66150
1115.0      4224.26479
1116.0      4363.41105
1117.0      4334.32929
1118.0      4275.04572
1119.0      4141.98152
1120.0      4198.18027
1121.0      4140.61377
1122.0      4160.10950
1123.0      4103.28873
1124.0      4251.44751
1125.0      4284.28422
1126.0      4316.61350
1127.0      4235.25170
1128.0      4271.52055
1129.0      4231.78335
1130.0      4162.62789
1131.0      4057.13619
1132.0      4120.77861
1133.0      4160.40139
1134.0      4208.79482
1135.0      4174.31771
1136.0      4274.35574
1137.0      4257.66060
1138.0      4239.87108
1139.0      4131.21329
1140.0      4187.61893
1141.0      4130.39515
1142.0      4144.84577
1143.0      4136.67298
1144.0      4292.30769
1145.0      4292.75570
1146.0      4259.47916
1147.0      4202.07345
1148.0      4247.30637
1149.0      4222.12585
1150.0      4168.79228
1151.0      4100.43317
1152.0      4188.49069
1153.0      4230.01109
1154.0      4271.81876
1155.0      4187.77298
1156.0      4266.51447
1157.0      4261.56100
1158.0      4256.32302
1159.0      4146.21243
1160.0      4213.08325
1161.0      4206.78536
1162.0      4223.34813
1163.0      4192.38898
1164.0      4297.53906
1165.0      4274.03904
1166.0      4228.96545
1167.0      4152.62082
1168.0      4213.46924
1169.0      4239.43807
1170.0      4276.90761
1171.0      4239.80377
1172.0      4297.72397
1173.0      4304.81938
1174.0      4308.92881
1175.0      4214.96130
1176.0      4261.94940
1177.0      4262.44779
1178.0      4263.49846
1179.0      4166.61857
1180.0      4242.19729
1181.0      4257.74679
1182.0      4313.12531
1183.0      4265.53325
1184.0      4325.31666
1185.0      4290.54478
1186.0      4275.68461
1187.0      4226.02990
1188.0      4279.74494
1189.0      4290.80143
1190.0      4296.59390
1191.0      4259.05588
1192.0      4333.41544
1193.0      4360.46944
1194.0      4350.77548
1195.0      4212.09292
1196.0      4212.48827
1197.0      4183.98038
1198.0      4209.95139
1199.0      4147.23976
1200.0      4267.98256
1201.0      4347.08527
1202.0      4442.67504
1203.0      4367.88916
1204.0      4308.81110
1205.0      4185.48359
1206.0      4105.08833
1207.0      4008.16734
1208.0      4043.51687
1209.0      4063.86300
1210.0      4122.21210
1211.0      4145.39671
1212.0      4250.96917
1213.0      4225.56752
1214.0      4191.07998
1215.0      4104.20285
1216.0      4150.30618
1217.0      4133.87107
1218.0      4177.24652
1219.0      4142.03289
1220.0      4234.25846
1221.0      4264.53334
1222.0      4310.16239
1223.0      4212.40014
1224.0      4176.96624
1225.0      4125.59648
1226.0      4091.15675
1227.0      4027.22791
1228.0      4075.67765
1229.0      4121.25982
1230.0      4166.56718
1231.0      4173.14255
1232.0      4229.28331
1233.0      4187.21808
1234.0      4135.49559
1235.0      4034.69346
1236.0      4057.02690
1237.0      4022.88799
1238.0      4039.11790
1239.0      4024.74969
1240.0      4158.21912
1241.0      4195.50632
1242.0      4219.28868
1243.0      4113.87612
1244.0      4099.06627
1245.0      4054.38449
1246.0      4029.68428
1247.0      3970.72813
1248.0      4031.12383
1249.0      4095.98070
1250.0      4132.34873
1251.0      4101.40883
1252.0      4138.94919
1253.0      4092.12299
1254.0      4066.25290
1255.0      3994.61870
1256.0      4042.80252
1257.0      4003.18713
1258.0      4032.96126
1259.0      4038.96282
1260.0      4137.02181
1261.0      4131.05830
1262.0      4130.44412
1263.0      4069.16694
1264.0      4094.73632
1265.0      4075.84606
1266.0      4047.89319
1267.0      3982.56742
1268.0      4030.02483
1269.0      4074.37939
1270.0      4071.39432
1271.0      3977.78624
1272.0      3980.44533
1273.0      3953.06042
1274.0      3959.68078
1275.0      3882.59091
1276.0      3926.13451
1277.0      3921.03060
1278.0      3980.39681
1279.0      4001.52497
1280.0      4088.45189
1281.0      4089.94061
1282.0      4065.62525
1283.0      3968.80771
1284.0      3934.57400
1285.0      3878.30038
1286.0      3874.80199
1287.0      3835.65650
1288.0      3900.44786
1289.0      3929.87980
1290.0      3976.82174
1291.0      3933.28865
1292.0      3952.64432
1293.0      3930.10092
1294.0      3942.69081
1295.0      3886.10705
1296.0      3907.89140
1297.0      3896.53249
1298.0      3942.32854
1299.0      3938.63067
1300.0      4018.60322
1301.0      3997.15366
1302.0      3973.67722
1303.0      3904.11411
1304.0      3928.47747
1305.0      3905.81048
1306.0      3894.68935
1307.0      3887.49432
1308.0      3974.12951
1309.0      3999.82801
1310.0      3994.85073
1311.0      3906.79905
1312.0      3908.65287
1313.0      3881.12770
1314.0      3873.53360
1315.0      3787.06634
1316.0      3794.12096
1317.0      3793.31626
1318.0      3844.24005
1319.0      3832.92055
1320.0      3911.09857
1321.0      3911.34458
1322.0      3912.03452
1323.0      3867.13279
1324.0      3882.08462
1325.0      3871.60792
1326.0      3890.54653
1327.0      3907.68619
1328.0      3924.97061
1329.0      3870.45574
1330.0      3855.69067
1331.0      3788.23330
1332.0      3803.76740
1333.0      3790.29952
1334.0      3846.67381
1335.0      3834.85332
1336.0      3915.24326
1337.0      3878.00572
1338.0      3806.28841
1339.0      3692.43800
1340.0      3719.13028
1341.0      3722.96922
1342.0      3736.17744
1343.0      3703.84422
1344.0      3741.01852
1345.0      3746.19903
1346.0      3783.79313
1347.0      3756.25926
1348.0      3788.29550
1349.0      3738.51696
1350.0      3731.84745
1351.0      3692.46500
1352.0      3736.35287
1353.0      3695.65106
1354.0      3692.09151
1355.0      3655.85332
1356.0      3728.47674
1357.0      3737.40403
1358.0      3740.88017
1359.0      3672.92133
1360.0      3688.78064
1361.0      3692.97522
1362.0      3681.28932
1363.0      3618.70783
1364.0      3664.14451
1365.0      3707.99464
1366.0      3744.66742
1367.0      3694.50293
1368.0      3735.72938
1369.0      3712.58536
1370.0      3687.99358
1371.0      3629.13092
1372.0      3670.35395
1373.0      3658.51820
1374.0      3678.22350
1375.0      3688.54964
1376.0      3796.18453
1377.0      3775.06485
1378.0      3754.58649
1379.0      3663.10386
1380.0      3672.25818
1381.0      3637.48538
1382.0      3637.42545
1383.0      3600.27013
1384.0      3660.85880
1385.0      3730.33835
1386.0      3787.61397
1387.0      3742.94254
1388.0      3746.10486
1389.0      3676.52732
1390.0      3628.25654
1391.0      3549.39893
1392.0      3611.50565
1393.0      3609.02632
1394.0      3635.61345
1395.0      3622.94255
1396.0      3699.30346
1397.0      3678.72527
1398.0      3636.54780
1399.0      3560.16547
1400.0      3565.42701
1401.0      3561.41962
1402.0      3580.19159
1403.0      3563.81196
1404.0      3605.67780
1405.0      3615.74473
1406.0      3635.97678
1407.0      3584.57603
1408.0      3566.67079
1409.0      3462.81250
1410.0      3392.30254
1411.0      3335.29571
1412.0      3427.75429
1413.0      3459.24040
1414.0      3491.46379
1415.0      3462.15396
1416.0      3493.27049
1417.0      3465.16241
1418.0      3436.51917
1419.0      3409.89950
1420.0      3441.45339
1421.0      3432.97515
1422.0      3448.08875
1423.0      3461.76905
1424.0      3552.37121
1425.0      3559.65107
1426.0      3561.25076
1427.0      3479.25495
1428.0      3462.66931
1429.0      3396.58895
1430.0      3375.65608
1431.0      3326.30481
1432.0      3393.73373
1433.0      3433.95230
1434.0      3500.21798
1435.0      3470.92499
1436.0      3480.62601
1437.0      3431.79374
1438.0      3393.37108
1439.0      3325.88925
1440.0      3353.27035
1441.0      3365.13044
1442.0      3391.51425
1443.0      3408.11453
1444.0      3481.76472
1445.0      3450.47736
1446.0      3402.62889
1447.0      3326.86839
1448.0      3347.30149
1449.0      3317.65469
1450.0      3331.14873
1451.0      3303.53390
1452.0      3382.04794
1453.0      3414.85238
1454.0      3445.06809
1455.0      3390.55683
1456.0      3399.88743
1457.0      3379.05922
1458.0      3342.98998
1459.0      3270.78763
1460.0      3296.72006
1461.0      3337.40223
1462.0      3390.79562
1463.0      3398.08013
1464.0      3454.97714
1465.0      3401.58547
1466.0      3335.35059
1467.0      3231.70113
1468.0      3248.09091
1469.0      3217.44213
1470.0      3248.16904
1471.0      3236.49486
1472.0      3323.34074
1473.0      3396.96312
1474.0      3460.80209
1475.0      3395.05807
1476.0      3341.04723
1477.0      3300.46668
1478.0      3287.43867
1479.0      3242.52540
1480.0      3286.25291
1481.0      3320.59923
1482.0      3365.65200
1483.0      3338.70008
1484.0      3363.32760
1485.0      3305.15573
1486.0      3258.47925
1487.0      3184.94017
1488.0      3224.96562
1489.0      3221.38041
1490.0      3245.67348
1491.0      3242.42413
1492.0      3317.93141
1493.0      3324.33065
1494.0      3315.73761
1495.0      3262.43354
1496.0      3266.93306
1497.0      3247.37085
1498.0      3238.55471
1499.0      3195.52752
1500.0      3243.55201
1501.0      3289.72452
1502.0      3329.65008
1503.0      3289.48527
1504.0      3313.15629
1505.0      3278.97328
1506.0      3239.28699
1507.0      3148.00018
1508.0      3192.08589
1509.0      3183.69352
1510.0      3214.07577
1511.0      3206.83028
1512.0      3294.02407
1513.0      3286.16716
1514.0      3249.88703
1515.0      3183.17498
1516.0      3176.95054
1517.0      3136.15279
1518.0      3101.66382
1519.0      3081.19281
1520.0      3158.98489
1521.0      3206.50401
1522.0      3240.72989
1523.0      3173.66233
1524.0      3181.56543
1525.0      3137.69596
1526.0      3125.93279
1527.0      3059.90735
1528.0      3131.39479
1529.0      3168.33719
1530.0      3191.77794
1531.0      3143.54922
1532.0      3170.06399
1533.0      3153.83869
1534.0      3134.67795
1535.0      3100.14392
1536.0      3132.05587
1537.0      3109.79471
1538.0      3094.87136
1539.0      3098.58891
1540.0      3206.55630
1541.0      3226.55434
1542.0      3225.37445
1543.0      3148.21827
1544.0      3191.84348
1545.0      3149.18297
1546.0      3125.14367
1547.0      3040.99914
1548.0      3084.60221
1549.0      3112.93451
1550.0      3129.08320
1551.0      3094.12324
1552.0      3137.56285
1553.0      3136.03140
1554.0      3099.11574
1555.0      3026.53917
1556.0      3060.15303
1557.0      3035.46588
1558.0      3018.72814
1559.0      3011.29723
1560.0      3065.94614
1561.0      2991.68714
1562.0      2912.39415
1563.0      2852.36496
1564.0      2933.04507
1565.0      2940.70614
1566.0      2957.04625
1567.0      2895.22916
1568.0      2954.12062
1569.0      2978.50613
1570.0      3012.13018
1571.0      2950.05331
1572.0      2974.75936
1573.0      2956.36753
1574.0      2956.09557
1575.0      2920.44203
1576.0      2975.29706
1577.0      2970.40626
1578.0      2975.22947
1579.0      2970.74133
1580.0      3043.65174
1581.0      3021.91363
1582.0      3001.83349
1583.0      2923.60328
1584.0      2949.00943
1585.0      2922.36997
1586.0      2945.49521
1587.0      2889.61016
1588.0      2934.55582
1589.0      2927.16911
1590.0      2945.91075
1591.0      2885.59388
1592.0      2903.71208
1593.0      2899.50676
1594.0      2894.96227
1595.0      2866.00834
1596.0      2921.58809
1597.0      2952.43908
1598.0      2950.00980
1599.0      2868.91766
1600.0      2891.13885
1601.0      2840.01680
1602.0      2821.56132
1603.0      2768.14720
1604.0      2879.25861
1605.0      2920.77118
1606.0      2956.06590
1607.0      2937.17647
1608.0      2978.75097
1609.0      2920.88441
1610.0      2875.66593
1611.0      2798.00167
1612.0      2823.58429
1613.0      2824.48827
1614.0      2848.34141
1615.0      2816.97836
1616.0      2874.74290
1617.0      2877.12913
1618.0      2855.88202
1619.0      2749.60346
1620.0      2760.11918
1621.0      2733.96001
1622.0      2746.31344
1623.0      2689.89554
1624.0      2751.39157
1625.0      2770.39978
1626.0      2826.58691
1627.0      2814.87839
1628.0      2864.92083
1629.0      2822.63394
1630.0      2791.19766
1631.0      2736.43547
1632.0      2792.46435
1633.0      2783.32231
1634.0      2770.18780
1635.0      2742.54683
1636.0      2829.60919
1637.0      2885.46017
1638.0      2919.35047
1639.0      2846.52350
1640.0      2808.24864
1641.0      2755.12952
1642.0      2737.25584
1643.0      2655.33105
1644.0      2692.23529
1645.0      2697.84543
1646.0      2757.81324
1647.0      2715.34047
1648.0      2778.89199
1649.0      2747.97075
1650.0      2717.48940
1651.0      2651.72581
1652.0      2678.41498
1653.0      2659.15318
1654.0      2625.72983
1655.0      2611.91163
1656.0      2706.48486
1657.0      2736.98970
1658.0      2733.46285
1659.0      2627.08818
1660.0      2614.52101
1661.0      2572.24925
1662.0      2574.31204
1663.0      2514.05931
1664.0      2581.49693
1665.0      2626.44709
1666.0      2690.41015
1667.0      2625.51525
1668.0      2631.37715
1669.0      2578.33689
1670.0      2539.48181
1671.0      2456.35254
1672.0      2485.90550
1673.0      2508.82863
1674.0      2562.39465
1675.0      2589.23051
1676.0      2690.36478
1677.0      2672.26786
1678.0      2629.78171
1679.0      2514.10749
1680.0      2524.77837
1681.0      2484.49326
1682.0      2472.49863
1683.0      2405.41708
1684.0      2486.69078
1685.0      2558.84830
1686.0      2634.80288
1687.0      2573.16762
1688.0      2555.08100
1689.0      2499.13452
1690.0      2467.38423
1691.0      2390.45888
1692.0      2416.42402
1693.0      2433.59138
1694.0      2481.34165
1695.0      2484.44501
1696.0      2563.14889
1697.0      2541.29633
1698.0      2517.21323
1699.0      2438.43950
1700.0      2451.05592
1701.0      2415.85970
1702.0      2451.76912
1703.0      2442.54799
1704.0      2526.06310
1705.0      2541.81711
1706.0      2562.56542
1707.0      2501.48947
1708.0      2512.09533
1709.0      2467.44125
1710.0      2401.38810
1711.0      2313.72222
1712.0      2363.78298
1713.0      2420.87477
1714.0      2472.72581
1715.0      2456.33465
1716.0      2510.51824
1717.0      2483.28760
1718.0      2448.88830
1719.0      2378.22811
1720.0      2410.10105
1721.0      2385.85872
1722.0      2420.84520
1723.0      2434.71129
1724.0      2543.86703
1725.0      2548.63533
1726.0      2530.66570
1727.0      2468.09413
1728.0      2486.61525
1729.0      2455.97289
1730.0      2415.52273
1731.0      2364.47021
1732.0      2435.07672
1733.0      2484.19575
1734.0      2525.64780
1735.0      2481.78129
1736.0      2526.30762
1737.0      2519.73144
1738.0      2512.25952
1739.0      2428.92904
1740.0      2435.36396
1741.0      2403.93434
1742.0      2415.40509
1743.0      2402.63730
1744.0      2478.63274
1745.0      2478.05584
1746.0      2461.72950
1747.0      2405.40117
1748.0      2446.36129
1749.0      2432.38433
1750.0      2406.95276
1751.0      2355.12998
1752.0      2430.24686
1753.0      2483.81664
1754.0      2518.68031
1755.0      2468.23431
1756.0      2472.67644
1757.0      2450.70459
1758.0      2442.11886
1759.0      2370.78489
1760.0      2395.05347
1761.0      2404.18762
1762.0      2458.36117
1763.0      2441.11076
1764.0      2482.28114
1765.0      2442.65184
1766.0      2417.52342
1767.0      2367.55915
1768.0      2403.78004
1769.0      2384.28569
1770.0      2391.13548
1771.0      2384.56259
1772.0      2438.89615
1773.0      2433.24129
1774.0      2427.43414
1775.0      2365.74276
1776.0      2381.11000
1777.0      2375.06960
1778.0      2399.34644
1779.0      2341.22929
1780.0      2362.82498
1781.0      2364.28609
1782.0      2397.08970
1783.0      2359.34211
1784.0      2373.26450
1785.0      2346.26152
1786.0      2309.27251
1787.0      2279.93824
1788.0      2344.38555
1789.0      2356.54763
1790.0      2336.19841
1791.0      2309.26044
1792.0      2368.36348
1793.0      2379.44745
1794.0      2379.72738
1795.0      2318.84336
1796.0      2329.09107
1797.0      2313.70347
1798.0      2330.19902
1799.0      2297.91345
1800.0      2319.05039
1801.0      2316.76806
1802.0      2319.41644
1803.0      2294.93025
1804.0      2306.47424
1805.0      2275.58463
1806.0      2240.53185
1807.0      2201.99416
1808.0      2262.97995
1809.0      2270.67898
1810.0      2270.27479
1811.0      2223.89530
1812.0      2274.61321
1813.0      2266.00247
1814.0      2254.01849
1815.0      2203.15921
1816.0      2241.32972
1817.0      2236.65795
1818.0      2248.36467
1819.0      2221.74062
1820.0      2261.32619
1821.0      2264.15248
1822.0      2266.37059
1823.0      2197.76388
1824.0      2188.57168
1825.0      2161.70571
1826.0      2163.90244
1827.0      2138.89873
1828.0      2192.78535
1829.0      2207.84916
1830.0      2194.39659
1831.0      2132.85793
1832.0      2171.10043
1833.0      2185.71759
1834.0      2192.40954
1835.0      2138.27580
1836.0      2169.86082
1837.0      2147.32031
1838.0      2154.47832
1839.0      2140.87369
1840.0      2182.96414
1841.0      2146.24297
1842.0      2125.75979
1843.0      2103.33638
1844.0      2146.98172
1845.0      2142.31641
1846.0      2134.21295
1847.0      2119.84650
1848.0      2190.81180
1849.0      2233.45868
1850.0      2224.09545
1851.0      2134.98013
1852.0      2130.63785
1853.0      2124.81762
1854.0      2138.55779
1855.0      2086.10018
1856.0      2120.36728
1857.0      2123.32313
1858.0      2162.19816
1859.0      2148.64909
1860.0      2167.42636
1861.0      2117.72437
1862.0      2078.51806
1863.0      2037.90117
1864.0      2076.79928
1865.0      2096.84253
1866.0      2107.84455
1867.0      2083.21784
1868.0      2135.81507
1869.0      2137.94880
1870.0      2131.78071
1871.0      2034.95642
1872.0      2032.21399
1873.0      2015.71228
1874.0      2048.92725
1875.0      2027.47022
1876.0      2084.48808
1877.0      2116.89466
1878.0      2154.97590
1879.0      2131.46433
1880.0      2156.15044
1881.0      2113.03870
1882.0      2064.63985
1883.0      1999.91225
1884.0      2048.07118
1885.0      2075.59889
1886.0      2097.74108
1887.0      2086.30585
1888.0      2135.27114
1889.0      2124.22160
1890.0      2107.44869
1891.0      2034.55724
1892.0      2038.83579
1893.0      2013.50452
1894.0      2026.80808
1895.0      2016.35178
1896.0      2071.95401
1897.0      2085.64208
1898.0      2095.20556
1899.0      2054.89849
1900.0      2075.45681
1901.0      2040.36065
1902.0      1997.34808
1903.0      1928.88605
1904.0      1974.77897
1905.0      2017.32307
1906.0      2046.73919
1907.0      2041.57787
1908.0      2090.25997
1909.0      2079.80816
1910.0      2065.98260
1911.0      2014.02704
1912.0      2022.19285
1913.0      1978.22086
1914.0      1984.45533
1915.0      1979.87814
1916.0      2043.73053
1917.0      2057.31015
1918.0      2057.72967
1919.0      2018.06032
1920.0      2021.83347
1921.0      1998.80082
1922.0      1953.10943
1923.0      1903.67988
1924.0      1950.00818
1925.0      1993.98478
1926.0      2037.72460
1927.0      2015.10713
1928.0      2055.09436
1929.0      2011.98085
1930.0      1986.70368
1931.0      1922.34135
1932.0      1932.60787
1933.0      1908.00348
1934.0      1936.55570
1935.0      1949.59894
1936.0      2010.30091
1937.0      2007.34109
1938.0      1996.88769
1939.0      1940.33786
1940.0      1948.93230
1941.0      1929.84954
1942.0      1919.73589
1943.0      1890.96561
1944.0      1951.06746
1945.0      1978.83670
1946.0      1996.62664
1947.0      1939.25439
1948.0      1948.68752
1949.0      1916.61698
1950.0      1908.90665
1951.0      1859.76837
1952.0      1878.54578
1953.0      1857.58889
1954.0      1870.96073
1955.0      1868.99641
1956.0      1938.69604
1957.0      1937.17315
1958.0      1914.41997
1959.0      1852.39255
1960.0      1865.05773
1961.0      1851.79519
1962.0      1826.98661
1963.0      1784.23878
1964.0      1825.65096
1965.0      1861.37016
1966.0      1898.77355
1967.0      1860.93113
1968.0      1868.89253
1969.0      1840.12434
1970.0      1841.96217
1971.0      1775.83086
1972.0      1797.79272
1973.0      1799.92850
1974.0      1839.93460
1975.0      1829.49752
1976.0      1871.65391
1977.0      1858.03864
1978.0      1825.52944
1979.0      1779.90833
1980.0      1791.92605
1981.0      1780.77760
1982.0      1769.98717
1983.0      1759.89437
1984.0      1816.12582
1985.0      1821.76532
1986.0      1836.00434
1987.0      1797.83994
1988.0      1823.56448
1989.0      1802.45559
1990.0      1800.71751
1991.0      1745.50984
1992.0      1777.53275
1993.0      1786.86030
1994.0      1810.86562
1995.0      1788.47673
1996.0      1826.53858
1997.0      1817.65198
1998.0      1785.35612
1999.0      1729.31986
2000.0      1752.41227
2001.0      1752.42273
2002.0      1760.82361
2003.0      1743.59004
2004.0      1779.93789
2005.0      1760.62563
2006.0      1753.05289
2007.0      1711.58855
2008.0      1734.63813
2009.0      1714.49203
2010.0      1712.35955
2011.0      1675.79023
2012.0      1728.97285
2013.0      1744.63849
2014.0      1757.78740
2015.0      1714.48217
2016.0      1737.51678
2017.0      1732.28192
2018.0      1724.26827
2019.0      1693.31069
2020.0      1734.47650
2021.0      1740.97605
2022.0      1736.74188
2023.0      1701.91060
2024.0      1736.86371
2025.0      1727.74175
2026.0      1719.20512
2027.0      1678.11293
2028.0      1720.47149
2029.0      1710.88768
2030.0      1725.92283
2031.0      1687.39961
2032.0      1723.01743
2033.0      1703.24838
2034.0      1701.94668
2035.0      1659.87164
2036.0      1688.32784
2037.0      1698.52983
2038.0      1698.06128
2039.0      1663.15038
2040.0      1682.89881
2041.0      1684.72078
2042.0      1683.79309
2043.0      1651.24060
2044.0      1686.12901
2045.0      1665.79431
2046.0      1648.50054
2047.0      1607.68903
2048.0      1668.72383
2049.0      1659.22879
2050.0      1655.50512
2051.0      1628.49124
2052.0      1677.65682
2053.0      1671.53085
2054.0      1656.90601
2055.0      1616.28195
2056.0      1631.07671
2057.0      1637.31845
2058.0      1652.18712
2059.0      1631.24484
2060.0      1660.51150
2061.0      1660.03755
2062.0      1663.68773
2063.0      1618.51998
2064.0      1628.22791
2065.0      1600.08629
2066.0      1595.74441
2067.0      1568.63180
2068.0      1622.72675
2069.0      1629.42593
2070.0      1641.48640
2071.0      1619.88335
2072.0      1651.89860
2073.0      1634.10884
2074.0      1614.20199
2075.0      1582.37043
2076.0      1600.02106
2077.0      1592.50722
2078.0      1604.64883
2079.0      1591.04846
2080.0      1624.91872
2081.0      1619.67430
2082.0      1615.42055
2083.0      1552.12065
2084.0      1551.38870
2085.0      1546.44391
2086.0      1564.33656
2087.0      1527.01394
2088.0      1558.25777
2089.0      1574.27482
2090.0      1615.03438
2091.0      1588.74547
2092.0      1601.09362
2093.0      1557.38965
2094.0      1542.54855
2095.0      1510.25451
2096.0      1533.33065
2097.0      1533.96178
2098.0      1544.38898
2099.0      1542.08104
2100.0      1575.01595
2101.0      1574.25307
2102.0      1555.03795
2103.0      1491.89778
2104.0      1505.36755
2105.0      1492.53817
2106.0      1505.34576
2107.0      1464.66673
2108.0      1517.61364
2109.0      1548.39678
2110.0      1584.47462
2111.0      1531.02658
2112.0      1513.34518
2113.0      1470.01141
2114.0      1453.26960
2115.0      1420.67516
2116.0      1460.02268
2117.0      1479.22975
2118.0      1500.66258
2119.0      1502.62842
2120.0      1559.12586
2121.0      1543.46159
2122.0      1503.14834
2123.0      1431.34726
2124.0      1450.90096
2125.0      1434.41629
2126.0      1449.76283
2127.0      1453.62705
2128.0      1527.13695
2129.0      1559.43221
2130.0      1567.63774
2131.0      1506.28780
2132.0      1481.30456
2133.0      1468.65185
2134.0      1472.85816
2135.0      1451.86360
2136.0      1495.59997
2137.0      1520.81322
2138.0      1536.81062
2139.0      1514.94210
2140.0      1549.89630
2141.0      1513.32114
2142.0      1471.94520
2143.0      1414.21473
2144.0      1430.60213
2145.0      1416.86976
2146.0      1446.48251
2147.0      1460.87817
2148.0      1531.98463
2149.0      1535.81113
2150.0      1539.17199
2151.0      1475.30863
2152.0      1474.50370
2153.0      1451.14580
2154.0      1437.83751
2155.0      1411.37417
2156.0      1459.29441
2157.0      1501.00286
2158.0      1521.57819
2159.0      1499.35292
2160.0      1516.31702
2161.0      1482.43914
2162.0      1450.03866
2163.0      1382.60241
2164.0      1394.80730
2165.0      1381.17755
2166.0      1400.57265
2167.0      1393.04117
2168.0      1450.27506
2169.0      1448.82779
2170.0      1452.45112
2171.0      1436.56255
2172.0      1474.42235
2173.0      1459.30424
2174.0      1432.39028
2175.0      1396.15828
2176.0      1429.45529
2177.0      1463.29987
2178.0      1505.41880
2179.0      1483.10122
2180.0      1487.27033
2181.0      1438.22967
2182.0      1412.27013
2183.0      1353.04523
2184.0      1386.79253
2185.0      1405.38408
2186.0      1451.77893
2187.0      1461.06597
2188.0      1505.49049
2189.0      1485.52329
2190.0      1464.21943
2191.0      1419.73702
2192.0      1420.84947
2193.0      1383.76208
2194.0      1372.80198
2195.0      1363.14115
2196.0      1423.83170
2197.0      1448.77380
2198.0      1482.66800
2199.0      1452.89511
2200.0      1450.10024
2201.0      1405.96394
2202.0      1383.48148
2203.0      1327.40757
2204.0      1342.83434
2205.0      1359.47622
2206.0      1404.46660
2207.0      1396.03898
2208.0      1422.44676
2209.0      1389.67058
2210.0      1378.98867
2211.0      1346.62878
2212.0      1353.56313
2213.0      1320.35295
2214.0      1320.31739
2215.0      1332.06597
2216.0      1383.26116
2217.0      1393.04223
2218.0      1395.12363
2219.0      1356.95879
2220.0      1365.46247
2221.0      1345.16308
2222.0      1348.03197
2223.0      1300.30036
2224.0      1319.46146
2225.0      1316.89729
2226.0      1354.93985
2227.0      1335.34289
2228.0      1349.74468
2229.0      1330.18465
2230.0      1328.88316
2231.0      1307.08803
2232.0      1315.57238
2233.0      1293.99050
2234.0      1289.15165
2235.0      1285.50279
2236.0      1336.55104
2237.0      1334.54263
2238.0      1339.89734
2239.0      1311.74827
2240.0      1323.49562
2241.0      1276.30192
2242.0      1260.82855
2243.0      1232.62280
2244.0      1273.42599
2245.0      1288.03523
2246.0      1318.81533
2247.0      1299.30347
2248.0      1309.41130
2249.0      1301.79120
2250.0      1301.27975
2251.0      1264.72866
2252.0      1265.35571
2253.0      1251.65993
2254.0      1263.58145
2255.0      1249.11608
2256.0      1299.83453
2257.0      1294.98550
2258.0      1290.40130
2259.0      1252.86920
2260.0      1274.98533
2261.0      1254.13454
2262.0      1249.68671
2263.0      1241.64306
2264.0      1276.74205
2265.0      1272.01064
2266.0      1282.47732
2267.0      1257.46390
2268.0      1264.56434
2269.0      1246.07087
2270.0      1260.02878
2271.0      1236.83696
2272.0      1259.81807
2273.0      1257.60108
2274.0      1260.30524
2275.0      1219.76659
2276.0      1245.03118
2277.0      1253.34508
2278.0      1254.07601
2279.0      1209.48921
2280.0      1236.87694
2281.0      1236.65650
2282.0      1256.81770
2283.0      1236.53856
2284.0      1266.19548
2285.0      1242.27097
2286.0      1240.51703
2287.0      1218.39705
2288.0      1232.40374
2289.0      1226.53210
2290.0      1240.28957
2291.0      1235.61830
2292.0      1260.74527
2293.0      1261.35492
2294.0      1262.98374
2295.0      1220.15757
2296.0      1220.69828
2297.0      1209.87078
2298.0      1222.69561
2299.0      1195.53095
2300.0      1229.11836
2301.0      1230.27097
2302.0      1247.67571
2303.0      1219.95746
2304.0      1229.55736
2305.0      1196.99868
2306.0      1184.58635
2307.0      1180.13145
2308.0      1207.05689
2309.0      1200.32409
2310.0      1219.73706
2311.0      1226.29166
2312.0      1253.94434
2313.0      1214.40555
2314.0      1200.28838
2315.0      1157.02721
2316.0      1175.35953
2317.0      1163.80962
2318.0      1182.30196
2319.0      1149.50332
2320.0      1169.10298
2321.0      1171.03046
2322.0      1190.61742
2323.0      1159.55260
2324.0      1153.86445
2325.0      1128.57456
2326.0      1117.85238
2327.0      1094.27146
2328.0      1121.45682
2329.0      1123.02549
2330.0      1150.23792
2331.0      1154.20376
2332.0      1200.16151
2333.0      1177.11700
2334.0      1153.51167
2335.0      1109.27711
2336.0      1121.94554
2337.0      1100.87104
2338.0      1111.93175
2339.0      1106.43804
2340.0      1156.27073
2341.0      1173.46036
2342.0      1203.83889
2343.0      1171.68699
2344.0      1153.66735
2345.0      1112.53006
2346.0      1092.47354
2347.0      1073.39024
2348.0      1116.48561
2349.0      1145.46117
2350.0      1170.87276
2351.0      1161.20757
2352.0      1184.46594
2353.0      1142.45726
2354.0      1104.55265
2355.0      1054.28612
2356.0      1075.23208
2357.0      1070.56254
2358.0      1101.44697
2359.0      1104.03481
2360.0      1140.66338
2361.0      1139.21993
2362.0      1143.47341
2363.0      1095.67328
2364.0      1079.19671
2365.0      1064.43703
2366.0      1068.46195
2367.0      1065.08673
2368.0      1112.18855
2369.0      1146.56874
2370.0      1163.77660
2371.0      1137.61778
2372.0      1155.76422
2373.0      1118.06172
2374.0      1090.30700
2375.0      1036.15828
2376.0      1061.25117
2377.0      1049.36912
2378.0      1066.84900
2379.0      1080.16142
2380.0      1129.06992
2381.0      1138.19813
2382.0      1143.17320
2383.0      1103.39100
2384.0      1073.46527
2385.0      1029.34047
2386.0      1030.79015
2387.0      1027.94446
2388.0      1074.72135
2389.0      1096.38093
2390.0      1126.18618
2391.0      1110.23286
2392.0      1119.32211
2393.0      1086.60555
2394.0      1068.91087
2395.0      1014.36730
2396.0      1026.00054
2397.0      1028.83963
2398.0      1069.91988
2399.0      1083.73605
2400.0      1126.61187
2401.0      1105.49957
2402.0      1076.98393
2403.0      1034.91170
2404.0      1032.57634
2405.0      998.35476
2406.0      991.08947
2407.0      1004.24208
2408.0      1063.43320
2409.0      1087.79770
2410.0      1107.98868
2411.0      1066.50723
2412.0      1051.99297
2413.0      1012.53730
2414.0      1004.58510
2415.0      958.83544
2416.0      992.03802
2417.0      1024.77053
2418.0      1075.52801
2419.0      1067.31303
2420.0      1088.05274
2421.0      1069.40275
2422.0      1044.85872
2423.0      996.37106
2424.0      995.48645
2425.0      989.36409
2426.0      999.15774
2427.0      1009.02804
2428.0      1052.25697
2429.0      1062.15455
2430.0      1068.09782
2431.0      1019.67445
2432.0      1017.75702
2433.0      990.74995
2434.0      991.15314
2435.0      946.85744
2436.0      972.89635
2437.0      998.94555
2438.0      1026.01144
2439.0      1010.21058
2440.0      1039.90583
2441.0      1054.21970
2442.0      1042.06114
2443.0      989.11026
2444.0      998.34386
2445.0      983.91359
2446.0      988.83075
2447.0      978.27713
2448.0      1041.14835
2449.0      1044.54904
2450.0      1049.87639
2451.0      1010.06802
2452.0      1018.56326
2453.0      989.12265
2454.0      975.97922
2455.0      944.09721
2456.0      975.78373
2457.0      998.81332
2458.0      1035.84191
2459.0      1024.75116
2460.0      1040.22014
2461.0      1021.55242
2462.0      993.23054
2463.0      942.47950
2464.0      947.69490
2465.0      956.72930
2466.0      970.43786
2467.0      970.36963
2468.0      1018.34160
2469.0      1019.63958
2470.0      1011.03513
2471.0      966.79210
2472.0      984.20408
2473.0      952.35722
2474.0      941.83915
2475.0      926.12240
2476.0      982.76422
2477.0      984.07803
2478.0      991.64348
2479.0      966.38172
2480.0      978.51510
2481.0      971.35663
2482.0      964.67843
2483.0      930.10604
2484.0      932.87759
2485.0      955.59463
2486.0      976.80349
2487.0      947.70289
2488.0      967.17258
2489.0      961.37806
2490.0      962.49195
2491.0      929.03872
2492.0      969.03838
2493.0      951.52135
2494.0      939.54158
2495.0      916.90786
2496.0      961.94658
2497.0      956.52768
2498.0      951.37528
2499.0      942.12338
2500.0      972.05390
