800.0      989542149.31025
801.0      381015174.12783
802.0      -110971767.55021
803.0      23865.67323
804.0      1741.15060
805.0      2676.52811
806.0      2229.91756
807.0      1998.35187
808.0      3062.55713
809.0      3719.69963
810.0      4858.98559
811.0      4762.56009
812.0      5061.76255
813.0      4215.52121
814.0      4444.75494
815.0      3770.94517
816.0      4003.98582
817.0      4094.35215
818.0      5212.38561
819.0      5377.21740
820.0      5509.25135
821.0      5148.18693
822.0      5225.06440
823.0      4532.95389
824.0      4552.13807
825.0      4230.94094
826.0      4510.24618
827.0      4184.98204
828.0      5211.73088
829.0      5346.44438
830.0      5512.41313
831.0      4707.60297
832.0      5153.21753
833.0      4797.36234
834.0      4814.00033
835.0      4268.50337
836.0      4733.96367
837.0      4581.44966
838.0      5138.07996
839.0      5039.51898
840.0      5283.71328
841.0      4939.86189
842.0      5171.92656
843.0      4607.30767
844.0      4499.06367
845.0      4286.21464
846.0      4654.68575
847.0      4279.78768
848.0      4819.45064
849.0      4970.86975
850.0      5197.91175
851.0      4468.16551
852.0      4849.90858
853.0      4663.47992
854.0      4787.70258
855.0      4524.21638
856.0      5188.68570
857.0      5027.87183
858.0      5063.41310
859.0      4851.16674
860.0      5186.83882
861.0      4917.93627
862.0      5045.79486
863.0      4952.81697
864.0      5243.07080
865.0      5093.10048
866.0      5265.93860
867.0      4824.01307
868.0      5053.80140
869.0      4963.72964
870.0      5288.32136
871.0      4839.91633
872.0      5199.84711
873.0      5074.21125
874.0      5265.49260
875.0      5049.51815
876.0      5410.87211
877.0      5121.70256
878.0      4956.69182
879.0      4813.01061
880.0      5275.89402
881.0      5154.03475
882.0      5118.61498
883.0      4961.32361
884.0      5399.16495
885.0      5407.13463
886.0      5502.09020
887.0      5036.58922
888.0      5035.65927
889.0      4793.21870
890.0      4985.58167
891.0      4758.07990
892.0      5087.13840
893.0      5045.82872
894.0      5315.08195
895.0      5155.98270
896.0      5380.77802
897.0      5116.80337
898.0      4891.00207
899.0      4600.45971
900.0      4925.36628
901.0      5128.36369
902.0      5238.28613
903.0      5225.60404
904.0      5622.84851
905.0      5632.70169
906.0      5481.81127
907.0      5028.24439
908.0      5066.11564
909.0      4833.98056
910.0      4961.54940
911.0      4871.94760
912.0      5165.11248
913.0      5141.69204
914.0      5443.73230
915.0      5366.84640
916.0      5402.08232
917.0      5151.47752
918.0      5038.55405
919.0      4816.76632
920.0      4950.30128
921.0      5089.20758
922.0      5299.94932
923.0      5286.58735
924.0      5520.81950
925.0      5407.45286
926.0      5337.82161
927.0      5040.17517
928.0      5167.54383
929.0      4975.78638
930.0      5034.72848
931.0      5034.97483
932.0      5364.80315
933.0      5385.71509
934.0      5539.74822
935.0      5461.01892
936.0      5422.99551
937.0      5218.68776
938.0      5120.77367
939.0      4919.46628
940.0      5026.21886
941.0      5197.67935
942.0      5446.59701
943.0      5338.11574
944.0      5396.85020
945.0      5226.32547
946.0      5185.41761
947.0      4982.93349
948.0      5055.47933
949.0      4960.75981
950.0      5048.66597
951.0      5133.02920
952.0      5405.41825
953.0      5394.54462
954.0      5369.58962
955.0      5191.53616
956.0      5165.56856
957.0      5010.63899
958.0      4955.04080
959.0      4802.04930
960.0      4941.50082
961.0      5081.64579
962.0      5296.70464
963.0      5233.77519
964.0      5258.48508
965.0      5150.08420
966.0      5146.86392
967.0      5018.50396
968.0      5063.60540
969.0      5008.18295
970.0      5134.08429
971.0      5162.26736
972.0      5413.57905
973.0      5366.67568
974.0      5322.36048
975.0      5152.78841
976.0      5200.10731
977.0      5100.98484
978.0      5011.08337
979.0      4901.55034
980.0      5021.14702
981.0      5163.10078
982.0      5376.92378
983.0      5331.14150
984.0      5366.73540
985.0      5263.41145
986.0      5302.97937
987.0      5164.65767
988.0      5229.44360
989.0      5195.26426
990.0      5284.76082
991.0      5245.33237
992.0      5456.77921
993.0      5458.06167
994.0      5404.26139
995.0      5198.31764
996.0      5275.97327
997.0      5271.00057
998.0      5334.41952
999.0      5319.28301
1000.0      5370.60207
1001.0      5198.36441
1002.0      5199.38520
1003.0      5165.23296
1004.0      5291.17058
1005.0      5192.33764
1006.0      5199.17073
1007.0      5034.16907
1008.0      5121.01917
1009.0      5105.73101
1010.0      5128.38017
1011.0      4973.80303
1012.0      5080.38726
1013.0      5149.92195
1014.0      5181.80014
1015.0      5035.57269
1016.0      5135.07730
1017.0      5223.52785
1018.0      5339.30618
1019.0      5232.27891
1020.0      5241.24440
1021.0      5077.43932
1022.0      5050.20426
1023.0      4990.42531
1024.0      5122.84410
1025.0      5079.34782
1026.0      5123.32736
1027.0      5074.72718
1028.0      5241.23619
1029.0      5209.11660
1030.0      5170.41565
1031.0      4962.11445
1032.0      5054.01698
1033.0      5088.48131
1034.0      5130.06060
1035.0      5022.27885
1036.0      5131.43815
1037.0      5202.09961
1038.0      5322.18350
1039.0      5266.19484
1040.0      5298.97398
1041.0      5170.08177
1042.0      5137.03696
1043.0      5041.76737
1044.0      5201.55682
1045.0      5200.18318
1046.0      5283.28240
1047.0      5258.54785
1048.0      5431.79481
1049.0      5337.20406
1050.0      5226.06668
1051.0      5031.39163
1052.0      5106.34027
1053.0      5121.75057
1054.0      5140.50326
1055.0      5056.11141
1056.0      5200.44974
1057.0      5313.62901
1058.0      5411.34994
1059.0      5263.32388
1060.0      5238.40841
1061.0      5108.12311
1062.0      5084.35762
1063.0      4963.97922
1064.0      5148.08575
1065.0      5217.64258
1066.0      5307.02772
1067.0      5286.04962
1068.0      5449.95871
1069.0      5392.99930
1070.0      5209.27734
1071.0      5024.84324
1072.0      5086.35505
1073.0      5094.87623
1074.0      5194.95336
1075.0      5252.21501
1076.0      5403.61043
1077.0      5328.83026
1078.0      5344.26645
1079.0      5244.84057
1080.0      5257.53848
1081.0      5079.76503
1082.0      5001.97038
1083.0      4930.93217
1084.0      5138.85622
1085.0      5276.81216
1086.0      5407.05773
1087.0      5345.95621
1088.0      5368.76780
1089.0      5283.38628
1090.0      5144.14060
1091.0      4944.32187
1092.0      4960.29443
1093.0      5032.23636
1094.0      5152.64517
1095.0      5216.80544
1096.0      5334.60410
1097.0      5309.42585
1098.0      5300.50049
1099.0      5188.40204
1100.0      5200.31631
1101.0      5112.93713
1102.0      5114.49898
1103.0      5031.43253
1104.0      5163.81642
1105.0      5278.84776
1106.0      5350.17702
1107.0      5248.97386
1108.0      5252.93304
1109.0      5229.09664
1110.0      5143.77790
1111.0      5022.86004
1112.0      5040.93433
1113.0      5047.82780
1114.0      5138.61982
1115.0      5232.90086
1116.0      5341.98879
1117.0      5239.98032
1118.0      5177.36378
1119.0      5066.71601
1120.0      5101.54287
1121.0      5005.11981
1122.0      5024.81136
1123.0      5001.84773
1124.0      5130.65962
1125.0      5188.72027
1126.0      5254.90354
1127.0      5216.33327
1128.0      5186.22187
1129.0      5123.74913
1130.0      5063.10506
1131.0      4947.19578
1132.0      4929.27568
1133.0      4922.33003
1134.0      5011.30831
1135.0      5033.46972
1136.0      5161.84432
1137.0      5143.32893
1138.0      5142.98786
1139.0      5044.82943
1140.0      5088.95851
1141.0      5033.62126
1142.0      5026.67485
1143.0      5015.69340
1144.0      5125.05359
1145.0      5122.08770
1146.0      5110.77016
1147.0      5055.66048
1148.0      5082.38766
1149.0      5052.05502
1150.0      5084.48603
1151.0      5045.21838
1152.0      5046.89709
1153.0      5005.93730
1154.0      5033.30079
1155.0      4986.81942
1156.0      5043.79983
1157.0      5031.81370
1158.0      5071.69155
1159.0      5021.10288
1160.0      5102.80897
1161.0      5074.09948
1162.0      5072.72258
1163.0      5019.41607
1164.0      5085.92195
1165.0      5072.88173
1166.0      5070.83048
1167.0      5008.22186
1168.0      4987.26778
1169.0      4912.14576
1170.0      4913.68436
1171.0      4927.01847
1172.0      4965.13905
1173.0      4954.68077
1174.0      4953.95173
1175.0      4928.84127
1176.0      4986.89468
1177.0      4996.83105
1178.0      5015.65208
1179.0      4944.50807
1180.0      5024.31292
1181.0      5028.59820
1182.0      5066.53511
1183.0      5010.62706
1184.0      5053.29978
1185.0      5016.07577
1186.0      4980.41914
1187.0      4921.85342
1188.0      4932.16772
1189.0      4919.34582
1190.0      4926.28335
1191.0      4935.79627
1192.0      5010.48982
1193.0      4984.53625
1194.0      4952.04075
1195.0      4868.39578
1196.0      4934.09183
1197.0      4915.68062
1198.0      4916.91999
1199.0      4849.33678
1200.0      4932.85950
1201.0      4953.19476
1202.0      4965.16195
1203.0      4869.68969
1204.0      4834.57360
1205.0      4760.37415
1206.0      4750.36816
1207.0      4736.93798
1208.0      4803.22186
1209.0      4825.39210
1210.0      4862.28388
1211.0      4873.95132
1212.0      4951.46722
1213.0      4923.88230
1214.0      4893.52667
1215.0      4816.19918
1216.0      4864.00512
1217.0      4832.17985
1218.0      4857.46485
1219.0      4827.65219
1220.0      4906.52520
1221.0      4904.23796
1222.0      4928.73570
1223.0      4839.98177
1224.0      4811.04565
1225.0      4741.24306
1226.0      4708.37638
1227.0      4669.30538
1228.0      4742.91477
1229.0      4820.15733
1230.0      4856.34908
1231.0      4832.08981
1232.0      4844.07768
1233.0      4794.97314
1234.0      4748.05381
1235.0      4675.58004
1236.0      4714.44580
1237.0      4691.81698
1238.0      4732.90455
1239.0      4724.11573
1240.0      4820.22207
1241.0      4843.51762
1242.0      4889.74592
1243.0      4835.32628
1244.0      4800.36778
1245.0      4698.45245
1246.0      4627.22157
1247.0      4592.76633
1248.0      4659.19741
1249.0      4689.86778
1250.0      4719.18866
1251.0      4696.73851
1252.0      4750.33760
1253.0      4718.08239
1254.0      4691.32769
1255.0      4608.31743
1256.0      4643.66746
1257.0      4637.51424
1258.0      4677.28877
1259.0      4661.24170
1260.0      4719.79175
1261.0      4707.95701
1262.0      4724.16497
1263.0      4676.94832
1264.0      4680.82646
1265.0      4628.34802
1266.0      4613.71393
1267.0      4601.02262
1268.0      4655.40485
1269.0      4664.80298
1270.0      4696.11292
1271.0      4675.04872
1272.0      4711.73821
1273.0      4683.65066
1274.0      4668.43384
1275.0      4565.09906
1276.0      4566.75037
1277.0      4557.33405
1278.0      4617.03896
1279.0      4601.29036
1280.0      4638.56279
1281.0      4617.93411
1282.0      4627.54615
1283.0      4582.49699
1284.0      4577.28858
1285.0      4522.91054
1286.0      4514.95832
1287.0      4507.17424
1288.0      4588.44322
1289.0      4603.25097
1290.0      4613.57549
1291.0      4549.67334
1292.0      4567.06186
1293.0      4547.93282
1294.0      4537.18729
1295.0      4448.91472
1296.0      4473.67910
1297.0      4484.66455
1298.0      4557.54094
1299.0      4532.19085
1300.0      4572.06054
1301.0      4541.83289
1302.0      4541.74550
1303.0      4500.43316
1304.0      4501.23839
1305.0      4456.01711
1306.0      4436.65461
1307.0      4442.42640
1308.0      4510.50984
1309.0      4493.49382
1310.0      4495.63291
1311.0      4449.01484
1312.0      4478.01382
1313.0      4450.14538
1314.0      4448.63361
1315.0      4376.78472
1316.0      4393.29533
1317.0      4402.30886
1318.0      4433.19286
1319.0      4388.08059
1320.0      4389.65069
1321.0      4363.62112
1322.0      4372.47869
1323.0      4345.82567
1324.0      4374.24082
1325.0      4361.18081
1326.0      4366.35655
1327.0      4340.90624
1328.0      4383.50114
1329.0      4364.01937
1330.0      4361.00987
1331.0      4309.42109
1332.0      4351.99002
1333.0      4362.07354
1334.0      4409.31055
1335.0      4380.02363
1336.0      4399.88444
1337.0      4377.80442
1338.0      4379.18264
1339.0      4348.98708
1340.0      4374.03328
1341.0      4357.74172
1342.0      4366.30942
1343.0      4346.74214
1344.0      4393.70415
1345.0      4371.04536
1346.0      4377.99005
1347.0      4328.28726
1348.0      4328.24440
1349.0      4278.64738
1350.0      4271.26856
1351.0      4240.27910
1352.0      4278.05008
1353.0      4271.93830
1354.0      4294.35223
1355.0      4267.25239
1356.0      4310.56862
1357.0      4291.21053
1358.0      4303.81661
1359.0      4271.47754
1360.0      4284.35312
1361.0      4246.96795
1362.0      4240.73171
1363.0      4236.47852
1364.0      4311.21506
1365.0      4352.39566
1366.0      4338.83739
1367.0      4232.54985
1368.0      4224.48189
1369.0      4201.02739
1370.0      4185.82947
1371.0      4109.63681
1372.0      4149.25705
1373.0      4151.12292
1374.0      4207.47535
1375.0      4219.58908
1376.0      4270.79167
1377.0      4229.23110
1378.0      4178.63061
1379.0      4110.70321
1380.0      4112.08628
1381.0      4105.06876
1382.0      4139.21593
1383.0      4158.02504
1384.0      4220.84592
1385.0      4217.45451
1386.0      4210.27848
1387.0      4121.41587
1388.0      4116.65965
1389.0      4080.38992
1390.0      4083.19516
1391.0      4028.67467
1392.0      4083.21874
1393.0      4106.95929
1394.0      4156.93553
1395.0      4145.20762
1396.0      4171.00828
1397.0      4121.95362
1398.0      4073.43062
1399.0      4020.08098
1400.0      4046.73815
1401.0      4039.63278
1402.0      4055.01712
1403.0      4039.51274
1404.0      4103.11783
1405.0      4106.23681
1406.0      4113.47001
1407.0      4032.70419
1408.0      4027.10569
1409.0      3979.35003
1410.0      3989.83052
1411.0      3959.86902
1412.0      4023.57938
1413.0      4039.78349
1414.0      4079.36860
1415.0      4052.22971
1416.0      4059.85037
1417.0      4002.74044
1418.0      3962.95246
1419.0      3914.98624
1420.0      3949.17431
1421.0      3963.06547
1422.0      3997.78591
1423.0      4001.65852
1424.0      4058.93981
1425.0      4034.61392
1426.0      4018.34629
1427.0      3948.40549
1428.0      3959.91906
1429.0      3913.96411
1430.0      3929.63742
1431.0      3916.31625
1432.0      3962.22351
1433.0      3970.23928
1434.0      4003.96230
1435.0      3998.55955
1436.0      3981.30363
1437.0      3910.71533
1438.0      3848.39849
1439.0      3794.13343
1440.0      3831.38034
1441.0      3874.48847
1442.0      3936.05523
1443.0      3925.08610
1444.0      3946.08734
1445.0      3888.94351
1446.0      3872.67704
1447.0      3812.61212
1448.0      3841.79929
1449.0      3814.44986
1450.0      3842.83875
1451.0      3829.42244
1452.0      3884.96192
1453.0      3883.56520
1454.0      3886.20909
1455.0      3826.75039
1456.0      3818.72977
1457.0      3783.02260
1458.0      3752.56242
1459.0      3698.31916
1460.0      3755.67857
1461.0      3810.59249
1462.0      3858.32410
1463.0      3816.17994
1464.0      3838.26392
1465.0      3790.32927
1466.0      3767.12654
1467.0      3688.54832
1468.0      3708.42933
1469.0      3700.01210
1470.0      3748.70667
1471.0      3759.93107
1472.0      3805.00580
1473.0      3786.86957
1474.0      3780.59872
1475.0      3734.65638
1476.0      3746.22105
1477.0      3712.50020
1478.0      3691.17240
1479.0      3646.11731
1480.0      3697.21995
1481.0      3738.76138
1482.0      3768.83403
1483.0      3723.84320
1484.0      3724.13485
1485.0      3681.93591
1486.0      3672.02781
1487.0      3603.06532
1488.0      3631.04635
1489.0      3615.89575
1490.0      3682.53485
1491.0      3697.48170
1492.0      3765.62450
1493.0      3736.90288
1494.0      3711.96051
1495.0      3661.04537
1496.0      3659.23998
1497.0      3630.50820
1498.0      3614.22945
1499.0      3610.25740
1500.0      3675.03147
1501.0      3702.22842
1502.0      3733.82063
1503.0      3683.94267
1504.0      3688.18798
1505.0      3640.83618
1506.0      3650.81101
1507.0      3601.10946
1508.0      3640.21694
1509.0      3642.23168
1510.0      3674.48518
1511.0      3644.17983
1512.0      3674.20577
1513.0      3652.93381
1514.0      3607.67817
1515.0      3556.22214
1516.0      3571.29876
1517.0      3570.92122
1518.0      3557.41827
1519.0      3545.23613
1520.0      3605.55630
1521.0      3604.37958
1522.0      3631.26042
1523.0      3576.79275
1524.0      3598.13102
1525.0      3542.86434
1526.0      3544.32869
1527.0      3508.07089
1528.0      3551.25883
1529.0      3560.19958
1530.0      3581.31307
1531.0      3556.66847
1532.0      3571.37844
1533.0      3562.35219
1534.0      3562.74663
1535.0      3512.53327
1536.0      3523.37881
1537.0      3506.00813
1538.0      3524.44278
1539.0      3507.85621
1540.0      3567.37228
1541.0      3551.51019
1542.0      3555.50050
1543.0      3504.95375
1544.0      3520.45891
1545.0      3465.01239
1546.0      3470.08000
1547.0      3442.06086
1548.0      3497.77428
1549.0      3473.02825
1550.0      3476.82945
1551.0      3437.16437
1552.0      3481.48336
1553.0      3483.05268
1554.0      3462.59747
1555.0      3399.78035
1556.0      3411.92563
1557.0      3422.86433
1558.0      3427.35802
1559.0      3366.80626
1560.0      3398.02227
1561.0      3392.75613
1562.0      3408.73816
1563.0      3361.55318
1564.0      3404.50280
1565.0      3371.72687
1566.0      3380.09435
1567.0      3377.21907
1568.0      3455.21252
1569.0      3418.48007
1570.0      3375.28642
1571.0      3305.17539
1572.0      3323.84793
1573.0      3314.06889
1574.0      3313.58109
1575.0      3305.03462
1576.0      3364.87287
1577.0      3392.79126
1578.0      3400.64759
1579.0      3319.05538
1580.0      3312.35085
1581.0      3267.58883
1582.0      3284.50435
1583.0      3251.29848
1584.0      3316.44726
1585.0      3315.98276
1586.0      3351.61570
1587.0      3345.20685
1588.0      3379.76910
1589.0      3325.37574
1590.0      3269.42398
1591.0      3212.17445
1592.0      3231.60626
1593.0      3233.49651
1594.0      3247.49922
1595.0      3234.96215
1596.0      3287.92866
1597.0      3289.72301
1598.0      3288.67257
1599.0      3197.41062
1600.0      3187.51013
1601.0      3151.12264
1602.0      3161.15129
1603.0      3122.53745
1604.0      3205.20485
1605.0      3256.70476
1606.0      3322.58079
1607.0      3299.55753
1608.0      3341.29008
1609.0      3284.47428
1610.0      3209.12913
1611.0      3125.72013
1612.0      3173.45107
1613.0      3201.00999
1614.0      3239.51060
1615.0      3245.94092
1616.0      3291.49702
1617.0      3256.60132
1618.0      3223.53132
1619.0      3140.47883
1620.0      3129.94277
1621.0      3075.56430
1622.0      3088.56689
1623.0      3078.25711
1624.0      3187.43671
1625.0      3220.09608
1626.0      3256.94116
1627.0      3190.87604
1628.0      3186.51035
1629.0      3133.61340
1630.0      3102.72071
1631.0      3047.95000
1632.0      3077.48708
1633.0      3097.44989
1634.0      3142.74632
1635.0      3157.73137
1636.0      3202.20684
1637.0      3177.88614
1638.0      3163.05360
1639.0      3109.71966
1640.0      3100.70273
1641.0      3043.32383
1642.0      3039.72012
1643.0      3027.57618
1644.0      3118.70763
1645.0      3138.90298
1646.0      3136.56731
1647.0      3023.19891
1648.0      3015.40123
1649.0      3013.47057
1650.0      3028.31916
1651.0      2961.03176
1652.0      2978.86710
1653.0      3005.88051
1654.0      3049.48441
1655.0      3029.62930
1656.0      3055.67480
1657.0      3047.07903
1658.0      3061.31420
1659.0      3024.84207
1660.0      3015.03364
1661.0      2951.65764
1662.0      2950.78539
1663.0      2955.50568
1664.0      3056.64751
1665.0      3068.35871
1666.0      3065.38733
1667.0      2973.60258
1668.0      2973.74214
1669.0      2943.37613
1670.0      2930.30576
1671.0      2841.53846
1672.0      2856.54959
1673.0      2898.69112
1674.0      2982.86050
1675.0      2997.85730
1676.0      3037.14012
1677.0      2987.50505
1678.0      2939.03600
1679.0      2846.42969
1680.0      2869.92486
1681.0      2838.72038
1682.0      2866.14665
1683.0      2840.30802
1684.0      2938.64651
1685.0      2953.69062
1686.0      2969.26445
1687.0      2893.91346
1688.0      2877.43355
1689.0      2831.14502
1690.0      2831.99331
1691.0      2796.62227
1692.0      2843.78558
1693.0      2870.32760
1694.0      2927.27510
1695.0      2902.58902
1696.0      2930.35107
1697.0      2873.45256
1698.0      2871.66328
1699.0      2806.35710
1700.0      2854.39094
1701.0      2829.50072
1702.0      2868.75663
1703.0      2841.00585
1704.0      2923.36435
1705.0      2923.97136
1706.0      2902.11666
1707.0      2828.46300
1708.0      2856.79077
1709.0      2836.29601
1710.0      2822.44876
1711.0      2781.42745
1712.0      2838.99209
1713.0      2812.44396
1714.0      2822.23130
1715.0      2770.76257
1716.0      2823.31310
1717.0      2790.90854
1718.0      2785.85718
1719.0      2717.53417
1720.0      2753.59583
1721.0      2791.08475
1722.0      2853.50088
1723.0      2821.99112
1724.0      2835.40699
1725.0      2807.77920
1726.0      2812.11687
1727.0      2756.50619
1728.0      2797.93320
1729.0      2783.62721
1730.0      2787.04691
1731.0      2770.44577
1732.0      2819.51702
1733.0      2793.38531
1734.0      2774.08567
1735.0      2743.86220
1736.0      2794.40379
1737.0      2781.92355
1738.0      2786.45919
1739.0      2750.65380
1740.0      2795.99386
1741.0      2784.24502
1742.0      2762.23544
1743.0      2694.24018
1744.0      2713.87797
1745.0      2726.88876
1746.0      2744.52439
1747.0      2692.78101
1748.0      2706.96803
1749.0      2702.58109
1750.0      2724.85624
1751.0      2713.07118
1752.0      2762.42784
1753.0      2748.73281
1754.0      2741.43735
1755.0      2713.89416
1756.0      2758.62875
1757.0      2733.44551
1758.0      2726.80047
1759.0      2695.47308
1760.0      2746.45449
1761.0      2739.49842
1762.0      2740.63302
1763.0      2685.78653
1764.0      2691.45205
1765.0      2687.37825
1766.0      2701.39454
1767.0      2675.67114
1768.0      2693.22147
1769.0      2704.87658
1770.0      2726.63500
1771.0      2692.65861
1772.0      2700.51131
1773.0      2666.61948
1774.0      2663.88920
1775.0      2631.84601
1776.0      2681.93901
1777.0      2683.72604
1778.0      2695.35735
1779.0      2670.64285
1780.0      2687.31004
1781.0      2656.86649
1782.0      2642.87796
1783.0      2605.44668
1784.0      2613.44505
1785.0      2588.61002
1786.0      2594.45873
1787.0      2600.41730
1788.0      2647.65674
1789.0      2634.51267
1790.0      2620.81403
1791.0      2581.36907
1792.0      2610.60037
1793.0      2597.43958
1794.0      2601.79517
1795.0      2550.19361
1796.0      2585.37941
1797.0      2605.12975
1798.0      2642.73590
1799.0      2616.06377
1800.0      2614.06948
1801.0      2574.35576
1802.0      2556.70629
1803.0      2535.79760
1804.0      2556.02791
1805.0      2543.65174
1806.0      2554.83983
1807.0      2562.19396
1808.0      2611.24680
1809.0      2594.37120
1810.0      2575.37247
1811.0      2518.42914
1812.0      2546.87831
1813.0      2543.73356
1814.0      2561.77532
1815.0      2519.92711
1816.0      2557.39649
1817.0      2573.59321
1818.0      2604.62531
1819.0      2554.84593
1820.0      2529.01483
1821.0      2475.84405
1822.0      2468.93996
1823.0      2464.01772
1824.0      2480.72121
1825.0      2470.14593
1826.0      2490.89445
1827.0      2517.60626
1828.0      2568.96970
1829.0      2538.25176
1830.0      2498.88183
1831.0      2424.38771
1832.0      2457.49220
1833.0      2461.14121
1834.0      2463.93239
1835.0      2407.66042
1836.0      2438.89660
1837.0      2480.88451
1838.0      2519.52770
1839.0      2482.62288
1840.0      2455.43655
1841.0      2414.35381
1842.0      2403.70191
1843.0      2372.02397
1844.0      2390.33219
1845.0      2392.08825
1846.0      2436.75123
1847.0      2450.84081
1848.0      2514.83533
1849.0      2482.64057
1850.0      2441.77449
1851.0      2360.72005
1852.0      2376.54305
1853.0      2374.86039
1854.0      2398.86647
1855.0      2392.59957
1856.0      2447.48189
1857.0      2467.94365
1858.0      2490.53499
1859.0      2439.49492
1860.0      2411.69710
1861.0      2356.58216
1862.0      2357.69728
1863.0      2367.86438
1864.0      2430.69543
1865.0      2451.70578
1866.0      2453.56444
1867.0      2416.32551
1868.0      2440.88031
1869.0      2422.78379
1870.0      2392.29305
1871.0      2315.51832
1872.0      2328.18347
1873.0      2329.06408
1874.0      2361.49789
1875.0      2362.89325
1876.0      2423.36606
1877.0      2425.54869
1878.0      2433.09712
1879.0      2387.11566
1880.0      2376.45793
1881.0      2332.98684
1882.0      2319.45310
1883.0      2300.58746
1884.0      2350.57685
1885.0      2393.07197
1886.0      2403.21483
1887.0      2339.93819
1888.0      2342.62418
1889.0      2327.79044
1890.0      2304.80587
1891.0      2223.69892
1892.0      2238.03930
1893.0      2238.80539
1894.0      2289.35777
1895.0      2298.31187
1896.0      2336.14390
1897.0      2310.85600
1898.0      2300.76663
1899.0      2274.15029
1900.0      2270.04811
1901.0      2229.54707
1902.0      2202.92027
1903.0      2189.60908
1904.0      2266.30063
1905.0      2301.25175
1906.0      2324.71231
1907.0      2271.74582
1908.0      2291.01819
1909.0      2278.94266
1910.0      2279.21037
1911.0      2221.08126
1912.0      2228.94532
1913.0      2235.32137
1914.0      2277.83076
1915.0      2271.50282
1916.0      2284.95317
1917.0      2251.15970
1918.0      2237.60575
1919.0      2208.42934
1920.0      2222.19107
1921.0      2195.62765
1922.0      2184.63556
1923.0      2183.07894
1924.0      2254.27353
1925.0      2258.22515
1926.0      2253.63722
1927.0      2206.06679
1928.0      2228.76184
1929.0      2220.69831
1930.0      2230.97308
1931.0      2178.16664
1932.0      2181.92598
1933.0      2186.86543
1934.0      2230.45666
1935.0      2210.77700
1936.0      2219.03500
1937.0      2195.93543
1938.0      2187.19736
1939.0      2163.73191
1940.0      2182.47283
1941.0      2171.35229
1942.0      2155.03405
1943.0      2139.61884
1944.0      2178.99432
1945.0      2173.05484
1946.0      2166.19330
1947.0      2129.91065
1948.0      2158.09898
1949.0      2143.39743
1950.0      2163.09506
1951.0      2133.81807
1952.0      2165.66788
1953.0      2144.12319
1954.0      2143.04718
1955.0      2115.83483
1956.0      2144.54233
1957.0      2158.06699
1958.0      2150.80561
1959.0      2123.24265
1960.0      2137.62667
1961.0      2137.75650
1962.0      2130.14422
1963.0      2096.02299
1964.0      2126.40336
1965.0      2113.16408
1966.0      2123.52717
1967.0      2090.48646
1968.0      2105.26171
1969.0      2067.80714
1970.0      2076.70515
1971.0      2057.46510
1972.0      2084.10640
1973.0      2061.75366
1974.0      2066.58239
1975.0      2046.70023
1976.0      2069.19916
1977.0      2052.40387
1978.0      2042.62035
1979.0      2021.77617
1980.0      2067.72147
1981.0      2090.76144
1982.0      2100.32353
1983.0      2052.78222
1984.0      2057.41601
1985.0      2038.02593
1986.0      2055.95249
1987.0      2030.96632
1988.0      2063.78580
1989.0      2054.16227
1990.0      2085.19128
1991.0      2085.52961
1992.0      2106.00302
1993.0      2060.85526
1994.0      2043.06913
1995.0      2027.36401
1996.0      2076.96222
1997.0      2075.56527
1998.0      2092.65024
1999.0      2081.23122
2000.0      2127.14029
2001.0      2137.05314
2002.0      2121.82091
2003.0      2041.02035
2004.0      2012.53062
2005.0      2007.99588
2006.0      2036.46060
2007.0      2001.79373
2008.0      2021.18311
2009.0      2022.32729
2010.0      2068.64011
2011.0      2052.64425
2012.0      2063.93923
2013.0      2022.13483
2014.0      2000.05357
2015.0      1976.75500
2016.0      2005.14555
2017.0      2008.78497
2018.0      2010.94653
2019.0      2000.41990
2020.0      2034.43805
2021.0      2033.47040
2022.0      2019.60649
2023.0      1956.38356
2024.0      1977.84364
2025.0      1991.36807
2026.0      2033.24712
2027.0      1977.91157
2028.0      1979.62499
2029.0      1964.30507
2030.0      1997.73423
2031.0      1968.48885
2032.0      1975.08503
2033.0      1937.36706
2034.0      1915.69464
2035.0      1896.97946
2036.0      1936.86315
2037.0      1947.33173
2038.0      1957.41541
2039.0      1957.04226
2040.0      1993.65380
2041.0      1971.83333
2042.0      1945.47099
2043.0      1882.01911
2044.0      1890.93974
2045.0      1874.41681
2046.0      1890.81358
2047.0      1886.96807
2048.0      1952.29215
2049.0      1973.86241
2050.0      1974.45595
2051.0      1919.08744
2052.0      1919.76900
2053.0      1875.18687
2054.0      1847.72334
2055.0      1808.40948
2056.0      1870.78009
2057.0      1910.59197
2058.0      1941.91330
2059.0      1923.49516
2060.0      1938.10177
2061.0      1906.18886
2062.0      1874.09259
2063.0      1814.29616
2064.0      1824.77153
2065.0      1809.49824
2066.0      1842.58908
2067.0      1851.87391
2068.0      1920.51101
2069.0      1921.14499
2070.0      1925.02191
2071.0      1868.65892
2072.0      1864.62278
2073.0      1838.39060
2074.0      1834.42847
2075.0      1810.53339
2076.0      1855.68391
2077.0      1890.32841
2078.0      1911.99492
2079.0      1870.99717
2080.0      1867.69438
2081.0      1823.39087
2082.0      1800.30228
2083.0      1747.46644
2084.0      1772.60637
2085.0      1758.81136
2086.0      1789.31460
2087.0      1797.02779
2088.0      1855.24800
2089.0      1835.99734
2090.0      1821.53205
2091.0      1775.89489
2092.0      1772.67085
2093.0      1758.06521
2094.0      1750.95812
2095.0      1721.42143
2096.0      1752.78130
2097.0      1796.90024
2098.0      1840.84027
2099.0      1801.01702
2100.0      1808.40255
2101.0      1773.75494
2102.0      1762.22665
2103.0      1724.77206
2104.0      1765.27950
2105.0      1758.46177
2106.0      1771.38193
2107.0      1781.01781
2108.0      1846.89290
2109.0      1837.96872
2110.0      1817.27794
2111.0      1752.99197
2112.0      1742.57077
2113.0      1706.73192
2114.0      1698.21411
2115.0      1688.54219
2116.0      1759.69945
2117.0      1801.48082
2118.0      1828.31284
2119.0      1793.82864
2120.0      1807.10756
2121.0      1758.48260
2122.0      1716.48254
2123.0      1659.19744
2124.0      1694.01001
2125.0      1706.25080
2126.0      1747.36229
2127.0      1754.50863
2128.0      1805.01998
2129.0      1777.20548
2130.0      1751.36852
2131.0      1696.30169
2132.0      1715.64411
2133.0      1697.31313
2134.0      1692.35028
2135.0      1685.08086
2136.0      1750.65398
2137.0      1774.56453
2138.0      1785.84523
2139.0      1732.25699
2140.0      1723.22590
2141.0      1677.19578
2142.0      1673.68438
2143.0      1629.83586
2144.0      1664.33695
2145.0      1676.54663
2146.0      1730.64858
2147.0      1725.43987
2148.0      1757.55044
2149.0      1746.22969
2150.0      1744.80923
2151.0      1695.07708
2152.0      1677.30744
2153.0      1645.36866
2154.0      1654.41854
2155.0      1665.79633
2156.0      1730.70552
2157.0      1721.24227
2158.0      1717.18813
2159.0      1680.67746
2160.0      1697.19750
2161.0      1650.10718
2162.0      1638.59750
2163.0      1599.93023
2164.0      1634.42035
2165.0      1635.29351
2166.0      1651.16699
2167.0      1621.50319
2168.0      1648.13476
2169.0      1651.66472
2170.0      1654.12228
2171.0      1636.14769
2172.0      1684.64890
2173.0      1694.94647
2174.0      1709.30193
2175.0      1675.25557
2176.0      1697.18463
2177.0      1660.76550
2178.0      1651.94743
2179.0      1624.97788
2180.0      1644.25087
2181.0      1614.56883
2182.0      1618.36208
2183.0      1616.68045
2184.0      1667.79510
2185.0      1654.75842
2186.0      1652.47411
2187.0      1612.82023
2188.0      1635.96218
2189.0      1641.62062
2190.0      1651.27644
2191.0      1613.02755
2192.0      1622.09863
2193.0      1626.52394
2194.0      1646.86410
2195.0      1615.77094
2196.0      1626.57113
2197.0      1596.51409
2198.0      1594.61500
2199.0      1569.09372
2200.0      1619.10078
2201.0      1614.81111
2202.0      1622.74139
2203.0      1595.27724
2204.0      1652.28849
2205.0      1661.29440
2206.0      1658.20924
2207.0      1602.59187
2208.0      1608.53577
2209.0      1602.98184
2210.0      1624.26319
2211.0      1604.24957
2212.0      1603.07155
2213.0      1567.51879
2214.0      1564.91800
2215.0      1537.35266
2216.0      1561.52376
2217.0      1554.71796
2218.0      1569.06877
2219.0      1549.21918
2220.0      1615.83704
2221.0      1638.65195
2222.0      1637.27243
2223.0      1573.57276
2224.0      1568.47810
2225.0      1544.49397
2226.0      1534.19758
2227.0      1522.09558
2228.0      1561.22027
2229.0      1569.90206
2230.0      1592.89624
2231.0      1575.06523
2232.0      1594.98314
2233.0      1562.32463
2234.0      1558.63675
2235.0      1527.18170
2236.0      1556.14627
2237.0      1556.64277
2238.0      1577.29136
2239.0      1565.45515
2240.0      1583.61227
2241.0      1551.35168
2242.0      1533.38910
2243.0      1498.99559
2244.0      1516.97976
2245.0      1491.57714
2246.0      1484.00969
2247.0      1466.23825
2248.0      1499.22042
2249.0      1498.25815
2250.0      1523.89299
2251.0      1529.96582
2252.0      1563.79226
2253.0      1526.53192
2254.0      1494.80303
2255.0      1449.67522
2256.0      1485.23677
2257.0      1490.53742
2258.0      1509.27637
2259.0      1485.46274
2260.0      1518.15456
2261.0      1514.29962
2262.0      1520.01162
2263.0      1476.58945
2264.0      1476.84804
2265.0      1444.65349
2266.0      1445.37591
2267.0      1423.89693
2268.0      1455.70080
2269.0      1448.80682
2270.0      1475.02559
2271.0      1485.20996
2272.0      1525.45477
2273.0      1481.55169
2274.0      1435.62488
2275.0      1381.17846
2276.0      1432.04666
2277.0      1440.03029
2278.0      1473.48581
2279.0      1452.77658
2280.0      1516.44086
2281.0      1534.52427
2282.0      1534.30662
2283.0      1459.76422
2284.0      1425.71005
2285.0      1413.21465
2286.0      1430.50832
2287.0      1418.54822
2288.0      1445.96243
2289.0      1466.73375
2290.0      1514.48858
2291.0      1497.60903
2292.0      1509.00346
2293.0      1444.32462
2294.0      1404.94451
2295.0      1355.25936
2296.0      1405.19004
2297.0      1407.63110
2298.0      1435.71115
2299.0      1459.04821
2300.0      1527.44681
2301.0      1528.41701
2302.0      1501.20498
2303.0      1440.69576
2304.0      1414.31196
2305.0      1388.37644
2306.0      1409.30985
2307.0      1411.62503
2308.0      1449.59945
2309.0      1457.49948
2310.0      1499.66565
2311.0      1479.41774
2312.0      1482.81493
2313.0      1423.63930
2314.0      1385.39950
2315.0      1329.75323
2316.0      1368.86795
2317.0      1388.13346
2318.0      1424.31298
2319.0      1421.82831
2320.0      1459.48291
2321.0      1439.44611
2322.0      1430.08716
2323.0      1379.54275
2324.0      1356.65454
2325.0      1320.65558
2326.0      1349.39209
2327.0      1367.44043
2328.0      1404.65424
2329.0      1405.84517
2330.0      1423.66352
2331.0      1380.04856
2332.0      1376.54177
2333.0      1336.25005
2334.0      1322.96725
2335.0      1275.70348
2336.0      1314.34933
2337.0      1340.81624
2338.0      1383.56816
2339.0      1368.94284
2340.0      1386.37587
2341.0      1364.47784
2342.0      1362.02403
2343.0      1319.56911
2344.0      1311.82466
2345.0      1293.17233
2346.0      1325.68171
2347.0      1358.43752
2348.0      1404.75137
2349.0      1395.39567
2350.0      1391.70906
2351.0      1348.11781
2352.0      1350.99481
2353.0      1305.87527
2354.0      1288.38333
2355.0      1234.30880
2356.0      1264.74812
2357.0      1299.96509
2358.0      1344.35998
2359.0      1324.13345
2360.0      1327.08787
2361.0      1325.85479
2362.0      1327.02048
2363.0      1277.94101
2364.0      1268.07631
2365.0      1259.06745
2366.0      1293.99632
2367.0      1316.72669
2368.0      1386.79748
2369.0      1379.38393
2370.0      1366.04883
2371.0      1313.76940
2372.0      1326.90541
2373.0      1292.58936
2374.0      1275.01194
2375.0      1221.29045
2376.0      1246.02337
2377.0      1274.10174
2378.0      1326.86563
2379.0      1310.09425
2380.0      1315.64122
2381.0      1307.01225
2382.0      1309.63906
2383.0      1273.86533
2384.0      1260.99923
2385.0      1242.41127
2386.0      1258.17161
2387.0      1273.32304
2388.0      1337.99365
2389.0      1314.13999
2390.0      1287.61342
2391.0      1243.84600
2392.0      1280.38926
2393.0      1259.45081
2394.0      1257.82655
2395.0      1231.43584
2396.0      1258.87622
2397.0      1263.32501
2398.0      1302.25091
2399.0      1284.41841
2400.0      1277.19356
2401.0      1252.75076
2402.0      1247.23153
2403.0      1220.37521
2404.0      1221.37933
2405.0      1227.26326
2406.0      1248.10486
2407.0      1248.08924
2408.0      1285.38727
2409.0      1258.25941
2410.0      1238.63618
2411.0      1198.39811
2412.0      1239.08256
2413.0      1223.96616
2414.0      1217.48998
2415.0      1199.40346
2416.0      1241.99587
2417.0      1252.51227
2418.0      1262.54561
2419.0      1240.50896
2420.0      1236.90804
2421.0      1210.11185
2422.0      1207.37883
2423.0      1183.11368
2424.0      1195.02512
2425.0      1187.17529
2426.0      1214.39875
2427.0      1196.22976
2428.0      1220.80376
2429.0      1206.16400
2430.0      1209.24046
2431.0      1174.10586
2432.0      1205.23155
2433.0      1208.55641
2434.0      1222.76530
2435.0      1201.69130
2436.0      1224.98788
2437.0      1202.00324
2438.0      1187.04202
2439.0      1165.34858
2440.0      1189.17310
2441.0      1180.87956
2442.0      1189.30969
2443.0      1184.10148
2444.0      1199.75672
2445.0      1175.44135
2446.0      1184.45236
2447.0      1164.47398
2448.0      1188.17135
2449.0      1190.22370
2450.0      1208.05455
2451.0      1176.00236
2452.0      1197.70951
2453.0      1196.28885
2454.0      1207.93973
2455.0      1166.19089
2456.0      1183.35922
2457.0      1167.95290
2458.0      1174.71826
2459.0      1176.90189
2460.0      1212.96299
2461.0      1205.94489
2462.0      1186.94006
2463.0      1186.20539
2464.0      1211.31408
2465.0      1197.48561
2466.0      1178.34871
2467.0      1139.62568
2468.0      1158.09773
2469.0      1157.36203
2470.0      1179.89973
2471.0      1146.35122
2472.0      1170.80100
2473.0      1176.20658
2474.0      1199.97540
2475.0      1164.05801
2476.0      1152.77242
2477.0      1129.92546
2478.0      1120.65636
2479.0      1120.66705
2480.0      1164.52321
2481.0      1180.72877
2482.0      1181.60192
2483.0      1157.38316
2484.0      1185.34783
2485.0      1153.53072
2486.0      1141.68225
2487.0      1082.13779
2488.0      1091.11093
2489.0      1068.42680
2490.0      1103.03990
2491.0      1103.63568
2492.0      1149.50048
2493.0      1152.80492
2494.0      1154.57124
2495.0      1106.86152
2496.0      1088.15026
2497.0      1075.86059
2498.0      1094.11361
2499.0      1090.45539
2500.0      1129.33238
