800.0      -0.17188
801.0      -16.56250
802.0      42.04688
803.0      190.00021
804.0      381.35194
805.0      497.53175
806.0      553.35992
807.0      494.74272
808.0      454.14882
809.0      369.33639
810.0      311.03931
811.0      225.89088
812.0      274.75024
813.0      286.18783
814.0      309.31277
815.0      284.13313
816.0      332.00810
817.0      310.46912
818.0      307.60962
819.0      245.54717
820.0      285.13304
821.0      282.98472
822.0      302.56276
823.0      253.91435
824.0      308.90651
825.0      335.96133
826.0      357.46907
827.0      314.88315
828.0      358.53157
829.0      341.24259
830.0      317.73464
831.0      267.00811
832.0      307.87528
833.0      306.24253
834.0      330.75810
835.0      339.29724
836.0      398.96131
837.0      388.26605
838.0      380.68003
839.0      323.65662
840.0      364.05499
841.0      355.80512
842.0      359.79718
843.0      306.79722
844.0      371.94564
845.0      398.43014
846.0      423.24257
847.0      403.20355
848.0      454.78949
849.0      440.27393
850.0      423.18006
851.0      384.51604
852.0      424.79727
853.0      424.93015
854.0      452.26604
855.0      449.19580
856.0      527.70360
857.0      547.69592
858.0      554.32082
859.0      480.35208
860.0      527.46140
861.0      524.60998
862.0      530.25047
863.0      474.09426
864.0      550.85206
865.0      568.85220
866.0      592.22710
867.0      567.17247
868.0      626.66465
869.0      608.66472
870.0      594.93023
871.0      550.73496
872.0      585.66461
873.0      581.44593
874.0      591.84431
875.0      565.35997
876.0      638.16465
877.0      670.16480
878.0      690.62564
879.0      616.21160
880.0      672.00840
881.0      670.35233
882.0      680.40686
883.0      626.46942
884.0      718.10223
885.0      754.06332
886.0      779.06323
887.0      747.61796
888.0      798.39920
889.0      796.91490
890.0      789.14919
891.0      747.73515
892.0      793.52419
893.0      816.28992
894.0      831.23518
895.0      808.89926
896.0      911.76648
897.0      970.48542
898.0      970.58686
899.0      872.50872
900.0      937.19617
901.0      946.47761
902.0      931.07117
903.0      843.16494
904.0      906.65711
905.0      928.68067
906.0      959.54779
907.0      951.64161
908.0      1017.42286
909.0      1030.18857
910.0      1029.50100
911.0      986.86038
912.0      1019.97755
913.0      1037.86827
914.0      1044.85259
915.0      1021.89166
916.0      1109.27451
917.0      1155.57153
918.0      1156.49330
919.0      1110.40738
920.0      1166.04801
921.0      1161.75121
922.0      1157.56361
923.0      1126.81367
924.0      1191.77458
925.0      1204.54813
926.0      1227.99337
927.0      1220.11062
928.0      1291.47782
929.0      1312.89979
930.0      1306.32159
931.0      1260.99346
932.0      1307.61065
933.0      1316.97012
934.0      1292.97782
935.0      1240.56376
936.0      1325.53254
937.0      1374.31394
938.0      1405.68885
939.0      1385.05611
940.0      1439.68891
941.0      1416.04834
942.0      1400.32167
943.0      1358.39202
944.0      1410.91543
945.0      1425.64210
946.0      1456.44673
947.0      1438.51710
948.0      1504.94677
949.0      1536.99377
950.0      1542.00152
951.0      1477.13430
952.0      1510.88428
953.0      1529.18909
954.0      1536.36087
955.0      1512.55622
956.0      1597.65001
957.0      1639.34544
958.0      1703.32196
959.0      1776.86117
960.0      1853.04873
961.0      1738.36115
962.0      1628.07968
963.0      1562.43132
964.0      1638.48595
965.0      1661.25954
966.0      1711.89229
967.0      1698.60329
968.0      1773.68923
969.0      1787.97059
970.0      1774.20486
971.0      1718.30642
972.0      1773.82987
973.0      1802.12685
974.0      1813.72834
975.0      1786.31431
976.0      1841.99400
977.0      1872.22066
978.0      1904.73625
979.0      1882.32223
980.0      1928.29875
981.0      1935.68949
982.0      1928.77533
983.0      1849.86907
984.0      1892.64246
985.0      1906.39261
986.0      1943.86125
987.0      1928.87698
988.0      2044.79105
989.0      2072.88496
990.0      2069.47858
991.0      2008.25984
992.0      2068.72078
993.0      2082.82244
994.0      2027.75201
995.0      1940.62693
996.0      1985.08009
997.0      2049.97865
998.0      2091.19737
999.0      2088.51773
1000.0      2159.73649
1001.0      2150.32253
1002.0      2093.97861
1003.0      1988.10358
1004.0      2029.94729
1005.0      2008.48647
1006.0      1975.21284
1007.0      1912.65039
1008.0      2010.52540
1009.0      2036.79898
1010.0      2021.03323
1011.0      1943.86134
1012.0      1962.56443
1013.0      1946.49418
1014.0      1925.62689
1015.0      1876.00190
1016.0      1911.74407
1017.0      1931.52541
1018.0      1959.27537
1019.0      1966.39261
1020.0      2043.61139
1021.0      2064.68961
1022.0      2052.17389
1023.0      1997.65046
1024.0      2060.31451
1025.0      2068.13496
1026.0      2066.14263
1027.0      2008.34580
1028.0      2088.65828
1029.0      2124.43969
1030.0      2157.45524
1031.0      2121.81465
1032.0      2170.13494
1033.0      2173.22097
1034.0      2145.11931
1035.0      2085.42396
1036.0      2123.39273
1037.0      2155.74438
1038.0      2158.84589
1039.0      2148.61934
1040.0      2252.29909
1041.0      2301.61956
1042.0      2283.41630
1043.0      2203.87723
1044.0      2261.69753
1045.0      2274.22109
1046.0      2275.33816
1047.0      2232.48664
1048.0      2332.28353
1049.0      2388.56496
1050.0      2422.83050
1051.0      2412.16649
1052.0      2496.11966
1053.0      2511.17443
1054.0      2463.43994
1055.0      2393.27584
1056.0      2442.24460
1057.0      2475.27596
1058.0      2473.93994
1059.0      2442.56496
1060.0      2531.99468
1061.0      2572.17451
1062.0      2556.79939
1063.0      2478.40094
1064.0      2530.61186
1065.0      2534.21354
1066.0      2522.11965
1067.0      2464.25250
1068.0      2550.48687
1069.0      2584.64328
1070.0      2600.38536
1071.0      2571.63540
1072.0      2658.17450
1073.0      2687.27617
1074.0      2642.56512
1075.0      2559.29943
1076.0      2606.15883
1077.0      2640.65895
1078.0      2620.08072
1079.0      2589.17446
1080.0      2694.20580
1081.0      2757.51844
1082.0      2758.82303
1083.0      2705.79960
1084.0      2748.67458
1085.0      2736.27623
1086.0      2726.57298
1087.0      2674.26053
1088.0      2732.19799
1089.0      2752.02625
1090.0      2776.69024
1091.0      2768.08872
1092.0      2845.26064
1093.0      2868.12791
1094.0      2829.31531
1095.0      2754.90120
1096.0      2788.36994
1097.0      2805.87004
1098.0      2786.04963
1099.0      2741.81525
1100.0      2802.94028
1101.0      2852.02632
1102.0      2882.65129
1103.0      2849.03413
1104.0      2874.38564
1105.0      2857.08104
1106.0      2860.64344
1107.0      2815.12785
1108.0      2866.70594
1109.0      2875.14356
1110.0      2878.74503
1111.0      2842.13567
1112.0      2915.01069
1113.0      2944.91706
1114.0      2917.10445
1115.0      2855.57317
1116.0      2902.82320
1117.0      2916.14359
1118.0      2889.08879
1119.0      2845.39348
1120.0      2908.04975
1121.0      2944.22955
1122.0      2960.74512
1123.0      2934.54983
1124.0      2978.85451
1125.0      2980.72177
1126.0      2968.11231
1127.0      2914.68263
1128.0      2966.19042
1129.0      2961.34679
1130.0      2952.79195
1131.0      2919.65920
1132.0      3024.16705
1133.0      3075.83907
1134.0      3084.87806
1135.0      3030.57335
1136.0      3050.09678
1137.0      3036.69839
1138.0      3007.65142
1139.0      2960.24516
1140.0      3006.96392
1141.0      3043.73746
1142.0      3064.08117
1143.0      3050.21399
1144.0      3099.57339
1145.0      3111.96409
1146.0      3082.94837
1147.0      3018.25303
1148.0      3061.54208
1149.0      3065.30782
1150.0      3053.14362
1151.0      3014.27648
1152.0      3092.37025
1153.0      3128.75317
1154.0      3141.07343
1155.0      3101.38593
1156.0      3126.33903
1157.0      3120.69847
1158.0      3103.72964
1159.0      3063.19839
1160.0      3101.94839
1161.0      3124.03441
1162.0      3125.64373
1163.0      3116.77655
1164.0      3183.41723
1165.0      3207.30012
1166.0      3176.41721
1167.0      3115.88594
1168.0      3151.28437
1169.0      3148.20633
1170.0      3132.03434
1171.0      3081.77655
1172.0      3144.15154
1173.0      3171.42510
1174.0      3205.80785
1175.0      3179.11259
1176.0      3220.44849
1177.0      3217.81576
1178.0      3194.55787
1179.0      3141.80783
1180.0      3163.86253
1181.0      3178.76102
1182.0      3172.36253
1183.0      3164.44848
1184.0      3236.71415
1185.0      3279.79238
1186.0      3273.48763
1187.0      3222.91730
1188.0      3260.89385
1189.0      3263.11269
1190.0      3245.65945
1191.0      3193.87822
1192.0      3253.36259
1193.0      3273.86270
1194.0      3290.97200
1195.0      3261.98766
1196.0      3301.19858
1197.0      3295.80021
1198.0      3263.01106
1199.0      3205.03445
1200.0      3224.90165
1201.0      3234.12045
1202.0      3207.55788
1203.0      3178.44067
1204.0      3234.12041
1205.0      3268.03455
1206.0      3256.74542
1207.0      3211.59697
1208.0      3250.58134
1209.0      3247.82362
1210.0      3235.27662
1211.0      3177.07353
1212.0      3229.22193
1213.0      3245.25330
1214.0      3264.21416
1215.0      3239.61263
1216.0      3298.76108
1217.0      3315.72992
1218.0      3294.56578
1219.0      3264.30794
1220.0      3306.97987
1221.0      3320.00334
1222.0      3277.40170
1223.0      3240.58917
1224.0      3294.35484
1225.0      3333.87837
1226.0      3341.45644
1227.0      3306.42521
1228.0      3340.84705
1229.0      3323.12056
1230.0      3301.74545
1231.0      3244.09702
1232.0      3284.01887
1233.0      3291.13615
1234.0      3305.32358
1235.0      3285.54237
1236.0      3352.52675
1237.0      3377.25342
1238.0      3365.06584
1239.0      3314.70644
1240.0      3347.70646
1241.0      3365.58152
1242.0      3348.04240
1243.0      3308.08144
1244.0      3343.65176
1245.0      3370.74559
1246.0      3389.56586
1247.0      3364.41745
1248.0      3393.58929
1249.0      3377.65186
1250.0      3365.52677
1251.0      3318.44866
1252.0      3369.74551
1253.0      3374.10500
1254.0      3362.47988
1255.0      3324.27678
1256.0      3392.44087
1257.0      3426.84721
1258.0      3418.82371
1259.0      3382.77682
1260.0      3411.71434
1261.0      3419.14407
1262.0      3377.36275
1263.0      3331.39395
1264.0      3377.04242
1265.0      3425.88627
1266.0      3438.02686
1267.0      3429.39406
1268.0      3485.33159
1269.0      3495.22228
1270.0      3468.76906
1271.0      3408.48781
1272.0      3436.27683
1273.0      3429.17536
1274.0      3426.31588
1275.0      3398.51124
1276.0      3457.10499
1277.0      3475.85507
1278.0      3473.23001
1279.0      3432.91751
1280.0      3454.26124
1281.0      3460.35505
1282.0      3449.67531
1283.0      3413.78467
1284.0      3438.65186
1285.0      3453.19098
1286.0      3445.51906
1287.0      3429.58155
1288.0      3487.96441
1289.0      3496.39417
1290.0      3461.73780
1291.0      3403.80030
1292.0      3449.83935
1293.0      3451.83944
1294.0      3438.01121
1295.0      3406.59717
1296.0      3474.89408
1297.0      3502.40979
1298.0      3501.54253
1299.0      3466.04255
1300.0      3500.04254
1301.0      3503.74572
1302.0      3483.84722
1303.0      3442.68313
1304.0      3471.47221
1305.0      3480.37851
1306.0      3468.29251
1307.0      3444.43314
1308.0      3493.08941
1309.0      3509.16761
1310.0      3496.23785
1311.0      3450.42534
1312.0      3480.39408
1313.0      3474.42540
1314.0      3458.67530
1315.0      3406.52687
1316.0      3448.68309
1317.0      3465.87851
1318.0      3485.14408
1319.0      3461.52692
1320.0      3501.92535
1321.0      3510.83948
1322.0      3492.58160
1323.0      3445.73782
1324.0      3471.80033
1325.0      3490.00352
1326.0      3475.69877
1327.0      3447.83938
1328.0      3496.12067
1329.0      3525.55824
1330.0      3503.58162
1331.0      3456.71440
1332.0      3488.34722
1333.0      3490.94104
1334.0      3474.30812
1335.0      3428.15971
1336.0      3469.52687
1337.0      3473.28477
1338.0      3475.14407
1339.0      3449.50347
1340.0      3500.44098
1341.0      3511.79261
1342.0      3493.60503
1343.0      3450.38627
1344.0      3477.96440
1345.0      3479.32382
1346.0      3440.63624
1347.0      3399.56589
1348.0      3439.27687
1349.0      3469.08162
1350.0      3464.33938
1351.0      3431.48001
1352.0      3463.28468
1353.0      3462.31601
1354.0      3445.12060
1355.0      3376.58934
1356.0      3391.54241
1357.0      3375.40968
1358.0      3367.27677
1359.0      3321.44866
1360.0      3368.41739
1361.0      3378.94092
1362.0      3359.00334
1363.0      3305.91737
1364.0      3326.22988
1365.0      3326.82366
1366.0      3291.77672
1367.0      3262.61263
1368.0      3326.64394
1369.0      3379.73779
1370.0      3398.30025
1371.0      3386.54246
1372.0      3430.42529
1373.0      3435.03472
1374.0      3427.67527
1375.0      3392.14404
1376.0      3437.37058
1377.0      3427.90193
1378.0      3400.44085
1379.0      3322.63617
1380.0      3348.33924
1381.0      3346.45652
1382.0      3328.19862
1383.0      3286.92516
1384.0      3319.84706
1385.0      3333.94086
1386.0      3329.14393
1387.0      3325.86271
1388.0      3385.96431
1389.0      3419.98782
1390.0      3429.99560
1391.0      3406.48779
1392.0      3432.37841
1393.0      3423.02690
1394.0      3394.58930
1395.0      3317.33147
1396.0      3330.01890
1397.0      3321.41744
1398.0      3321.71422
1399.0      3277.27674
1400.0      3327.55017
1401.0      3353.81589
1402.0      3371.34710
1403.0      3355.64399
1404.0      3382.88619
1405.0      3375.60496
1406.0      3350.50333
1407.0      3327.24552
1408.0      3367.15960
1409.0      3380.63622
1410.0      3376.23773
1411.0      3360.22993
1412.0      3416.78464
1413.0      3417.13628
1414.0      3390.05023
1415.0      3334.33930
1416.0      3377.07365
1417.0      3366.25342
1418.0      3352.09706
1419.0      3318.87835
1420.0      3391.83148
1421.0      3422.94878
1422.0      3431.87840
1423.0      3389.26903
1424.0      3412.65182
1425.0      3413.80032
1426.0      3392.18307
1427.0      3347.89397
1428.0      3370.57367
1429.0      3380.05028
1430.0      3366.25335
1431.0      3334.59710
1432.0      3384.37835
1433.0      3396.03470
1434.0      3385.47991
1435.0      3335.51117
1436.0      3388.79241
1437.0      3395.74564
1438.0      3380.24553
1439.0      3318.65959
1440.0      3357.92520
1441.0      3372.59717
1442.0      3380.14397
1443.0      3347.12836
1444.0      3375.03460
1445.0      3371.07371
1446.0      3337.80020
1447.0      3290.30016
1448.0      3321.12831
1449.0      3334.99556
1450.0      3309.65954
1451.0      3281.62828
1452.0      3347.10489
1453.0      3380.41748
1454.0      3368.76115
1455.0      3321.56584
1456.0      3349.96426
1457.0      3332.01901
1458.0      3307.65951
1459.0      3256.12048
1460.0      3304.68295
1461.0      3320.67524
1462.0      3337.74549
1463.0      3325.11271
1464.0      3373.90180
1465.0      3379.33934
1466.0      3339.37052
1467.0      3279.15171
1468.0      3294.27671
1469.0      3302.62834
1470.0      3283.62826
1471.0      3258.16732
1472.0      3310.58142
1473.0      3341.90181
1474.0      3341.62832
1475.0      3300.90176
1476.0      3323.12048
1477.0      3314.94086
1478.0      3298.12045
1479.0      3238.65170
1480.0      3270.22198
1481.0      3277.27676
1482.0      3279.88606
1483.0      3238.46420
1484.0      3288.90169
1485.0      3302.66742
1486.0      3297.44076
1487.0      3249.09702
1488.0      3277.47200
1489.0      3269.85487
1490.0      3234.27665
1491.0      3180.85475
1492.0      3217.25320
1493.0      3247.11266
1494.0      3256.78448
1495.0      3229.30012
1496.0      3261.82354
1497.0      3251.37829
1498.0      3226.65944
1499.0      3165.45631
1500.0      3195.87816
1501.0      3189.97200
1502.0      3190.69065
1503.0      3168.01882
1504.0      3250.76102
1505.0      3277.58146
1506.0      3259.87823
1507.0      3202.44852
1508.0      3229.12821
1509.0      3230.23764
1510.0      3200.68287
1511.0      3157.44067
1512.0      3195.62817
1513.0      3232.72982
1514.0      3248.12823
1515.0      3221.92510
1516.0      3232.62040
1517.0      3218.27668
1518.0      3191.85473
1519.0      3142.24535
1520.0      3179.25314
1521.0      3171.03449
1522.0      3152.59685
1523.0      3100.51876
1524.0      3168.19844
1525.0      3199.53450
1526.0      3199.86255
1527.0      3151.65159
1528.0      3172.61253
1529.0      3173.33133
1530.0      3146.01875
1531.0      3104.53436
1532.0      3122.72186
1533.0      3131.26097
1534.0      3123.54999
1535.0      3106.22186
1536.0      3149.42501
1537.0      3158.82351
1538.0      3127.58123
1539.0      3053.83901
1540.0      3084.66710
1541.0      3088.94847
1542.0      3079.20616
1543.0      3022.04992
1544.0      3079.87804
1545.0      3102.20628
1546.0      3119.08120
1547.0      3088.13593
1548.0      3122.87809
1549.0      3116.34690
1550.0      3092.56557
1551.0      3032.83117
1552.0      3044.04208
1553.0      3053.37808
1554.0      3041.05772
1555.0      3015.41707
1556.0      3077.30775
1557.0      3107.31565
1558.0      3082.22961
1559.0      3016.38585
1560.0      3046.44051
1561.0      3029.27653
1562.0      3012.65921
1563.0      2955.69050
1564.0      3010.76858
1565.0      3026.65152
1566.0      3059.83114
1567.0      3036.52650
1568.0      3068.96398
1569.0      3059.01871
1570.0      3018.95614
1571.0      2962.83108
1572.0      2987.86235
1573.0      3007.43273
1574.0      2973.35452
1575.0      2930.09668
1576.0      2993.17485
1577.0      3034.47964
1578.0      3027.12018
1579.0      2968.69049
1580.0      3000.33109
1581.0      2992.03430
1582.0      2977.08887
1583.0      2903.15919
1584.0      2934.34663
1585.0      2943.04988
1586.0      2959.89355
1587.0      2934.16701
1588.0      2987.34671
1589.0      2996.79991
1590.0      2954.75294
1591.0      2893.15914
1592.0      2919.09665
1593.0      2930.28421
1594.0      2894.62006
1595.0      2859.24504
1596.0      2913.02634
1597.0      2941.34672
1598.0      2937.62791
1599.0      2893.38573
1600.0      2921.80756
1601.0      2890.29202
1602.0      2871.87000
1603.0      2812.31536
1604.0      2859.87781
1605.0      2852.82322
1606.0      2851.93250
1607.0      2826.53409
1608.0      2897.44037
1609.0      2914.46389
1610.0      2878.46379
1611.0      2817.79969
1612.0      2844.47158
1613.0      2844.02632
1614.0      2804.65903
1615.0      2757.36214
1616.0      2803.82310
1617.0      2842.86225
1618.0      2859.97940
1619.0      2821.25285
1620.0      2850.32312
1621.0      2838.04977
1622.0      2813.22152
1623.0      2740.99495
1624.0      2789.09649
1625.0      2789.42473
1626.0      2769.83866
1627.0      2724.83868
1628.0      2816.77622
1629.0      2876.01855
1630.0      2882.54192
1631.0      2862.79192
1632.0      2935.67480
1633.0      3005.14365
1634.0      3042.26865
1635.0      3070.65151
1636.0      3160.41721
1637.0      3224.06575
1638.0      3257.49542
1639.0      3249.56576
1640.0      3274.44075
1641.0      3218.84701
1642.0      3080.76869
1643.0      2860.21382
1644.0      2750.26051
1645.0      2630.63552
1646.0      2500.33059
1647.0      2379.48677
1648.0      2528.45560
1649.0      2766.75283
1650.0      2972.86233
1651.0      3054.34681
1652.0      3167.27658
1653.0      3222.01889
1654.0      3205.56569
1655.0      3109.31562
1656.0      3078.28430
1657.0      3050.59684
1658.0      3009.18268
1659.0      2942.05763
1660.0      2960.90137
1661.0      2929.54986
1662.0      2824.91685
1663.0      2669.96362
1664.0      2648.80729
1665.0      2587.06516
1666.0      2498.36963
1667.0      2382.25241
1668.0      2421.61957
1669.0      2432.87749
1670.0      2443.89302
1671.0      2423.13526
1672.0      2488.87746
1673.0      2510.47911
1674.0      2512.51811
1675.0      2480.33843
1676.0      2535.86188
1677.0      2565.47137
1678.0      2580.78379
1679.0      2561.97914
1680.0      2635.64322
1681.0      2635.94019
1682.0      2558.61972
1683.0      2434.79931
1684.0      2428.54928
1685.0      2391.72120
1686.0      2338.04135
1687.0      2259.36948
1688.0      2299.78350
1689.0      2303.56486
1690.0      2307.76789
1691.0      2258.15854
1692.0      2297.87726
1693.0      2293.79140
1694.0      2257.54911
1695.0      2185.15844
1696.0      2226.51001
1697.0      2247.32261
1698.0      2228.99439
1699.0      2199.25220
1700.0      2290.83039
1701.0      2346.71333
1702.0      2334.61168
1703.0      2278.47104
1704.0      2313.04135
1705.0      2305.06486
1706.0      2289.22099
1707.0      2239.51791
1708.0      2314.10382
1709.0      2340.61179
1710.0      2372.73670
1711.0      2353.43988
1712.0      2450.40084
1713.0      2486.94004
1714.0      2466.81494
1715.0      2402.59616
1716.0      2466.22119
1717.0      2508.97912
1718.0      2493.58840
1719.0      2448.73683
1720.0      2525.54938
1721.0      2593.80732
1722.0      2628.53385
1723.0      2612.52607
1724.0      2669.32295
1725.0      2679.07304
1726.0      2658.60419
1727.0      2586.47917
1728.0      2644.51821
1729.0      2676.29181
1730.0      2706.17453
1731.0      2682.28397
1732.0      2793.22930
1733.0      2839.36229
1734.0      2830.50279
1735.0      2760.58089
1736.0      2797.88559
1737.0      2813.22160
1738.0      2799.71372
1739.0      2782.48716
1740.0      2852.29190
1741.0      2905.64356
1742.0      2926.97166
1743.0      2912.22168
1744.0      2955.54199
1745.0      2945.90143
1746.0      2914.44819
1747.0      2848.24506
1748.0      2907.08098
1749.0      2916.23737
1750.0      2911.14348
1751.0      2867.72946
1752.0      2965.26073
1753.0      3014.79214
1754.0      3013.45611
1755.0      2954.64359
1756.0      2976.55765
1757.0      2978.33113
1758.0      2956.44825
1759.0      2916.75292
1760.0      2945.68261
1761.0      2974.65144
1762.0      2987.00298
1763.0      2974.56548
1764.0      3024.94831
1765.0      3042.75308
1766.0      3024.02643
1767.0      2952.39360
1768.0      2976.15918
1769.0      2957.16709
1770.0      2943.22945
1771.0      2898.94824
1772.0      2976.04981
1773.0      3012.01869
1774.0      3026.56550
1775.0      2993.14363
1776.0      3020.22175
1777.0      3017.82336
1778.0      2977.79203
1779.0      2927.67480
1780.0      2970.79202
1781.0      3020.79993
1782.0      3026.52645
1783.0      3004.88582
1784.0      3079.65149
1785.0      3111.90942
1786.0      3089.28430
1787.0      3015.48741
1788.0      3043.40926
1789.0      3033.72965
1790.0      3019.50298
1791.0      2972.87800
1792.0      3031.51080
1793.0      3056.03436
1794.0      3070.07334
1795.0      3036.20618
1796.0      3066.72179
1797.0      3063.01872
1798.0      3028.62021
1799.0      2988.34673
1800.0      3021.67489
1801.0      3040.58901
1802.0      3013.19050
1803.0      2977.27642
1804.0      3033.78426
1805.0      3065.71405
1806.0      3057.90928
1807.0      3005.55771
1808.0      3053.25301
1809.0      3047.91718
1810.0      3020.76859
1811.0      2948.91704
1812.0      2991.16701
1813.0      3004.08118
1814.0      3011.90142
1815.0      2989.75300
1816.0      3043.62802
1817.0      3053.94059
1818.0      2997.54986
1819.0      2910.83885
1820.0      2933.58103
1821.0      2963.63582
1822.0      2951.02637
1823.0      2904.87791
1824.0      2956.83887
1825.0      2997.63585
1826.0      3016.74517
1827.0      2984.97176
1828.0      3008.94829
1829.0      2962.29208
1830.0      2916.93255
1831.0      2852.99508
1832.0      2907.72161
1833.0      2935.24517
1834.0      2951.72949
1835.0      2915.11230
1836.0      2959.08105
1837.0      2969.60458
1838.0      2940.09667
1839.0      2864.60444
1840.0      2864.46378
1841.0      2843.07319
1842.0      2823.39342
1843.0      2815.77626
1844.0      2908.20601
1845.0      2953.34675
1846.0      2948.42479
1847.0      2891.72166
1848.0      2931.02633
1849.0      2940.43268
1850.0      2920.60445
1851.0      2828.38567
1852.0      2864.26843
1853.0      2905.01078
1854.0      2926.15915
1855.0      2881.12789
1856.0      2937.30760
1857.0      2963.27645
1858.0      2936.83885
1859.0      2888.72164
1860.0      2941.01074
1861.0      2965.13581
1862.0      2946.15917
1863.0      2898.27635
1864.0      2938.02634
1865.0      2959.83894
1866.0      2962.92481
1867.0      2930.06544
1868.0      2954.85450
1869.0      2923.27640
1870.0      2847.47157
1871.0      2738.83870
1872.0      2754.09646
1873.0      2758.71376
1874.0      2777.42460
1875.0      2764.26061
1876.0      2865.30751
1877.0      2925.99516
1878.0      2961.87012
1879.0      2947.92483
1880.0      2993.25297
1881.0      2986.93271
1882.0      2950.42479
1883.0      2894.44041
1884.0      2939.23728
1885.0      2961.47957
1886.0      2961.15918
1887.0      2931.12794
1888.0      2986.51859
1889.0      2989.88585
1890.0      2943.88572
1891.0      2864.24507
1892.0      2895.58879
1893.0      2887.87014
1894.0      2870.24501
1895.0      2829.33879
1896.0      2889.73723
1897.0      2888.79200
1898.0      2881.94815
1899.0      2839.31537
1900.0      2875.22159
1901.0      2859.19822
1902.0      2820.63561
1903.0      2750.95588
1904.0      2785.35432
1905.0      2818.41692
1906.0      2828.02625
1907.0      2817.56532
1908.0      2892.91693
1909.0      2929.69047
1910.0      2914.41695
1911.0      2869.95600
1912.0      2908.37008
1913.0      2906.26857
1914.0      2880.09659
1915.0      2808.54191
1916.0      2843.34654
1917.0      2862.21386
1918.0      2895.40129
1919.0      2859.69039
1920.0      2902.14348
1921.0      2894.50294
1922.0      2862.55752
1923.0      2790.54968
1924.0      2819.76060
1925.0      2833.40132
1926.0      2829.70593
1927.0      2817.07314
1928.0      2885.58100
1929.0      2917.15920
1930.0      2896.64351
1931.0      2831.91691
1932.0      2848.01062
1933.0      2845.58102
1934.0      2829.21373
1935.0      2768.87779
1936.0      2820.03402
1937.0      2847.19822
1938.0      2869.10439
1939.0      2834.58880
1940.0      2901.35442
1941.0      2917.47173
1942.0      2892.17473
1943.0      2828.30752
1944.0      2867.10441
1945.0      2871.04978
1946.0      2818.76061
1947.0      2766.42463
1948.0      2813.10437
1949.0      2856.22163
1950.0      2865.79972
1951.0      2840.55755
1952.0      2875.37784
1953.0      2866.81542
1954.0      2851.19812
1955.0      2789.97157
1956.0      2828.10434
1957.0      2818.54976
1958.0      2818.19027
1959.0      2777.11219
1960.0      2863.45594
1961.0      2895.28421
1962.0      2890.04972
1963.0      2824.08096
1964.0      2852.66689
1965.0      2844.07320
1966.0      2799.11215
1967.0      2746.03399
1968.0      2787.77621
1969.0      2829.30754
1970.0      2844.67470
1971.0      2829.43253
1972.0      2869.15909
1973.0      2864.08885
1974.0      2827.79967
1975.0      2751.11215
1976.0      2797.62774
1977.0      2801.88569
1978.0      2794.26836
1979.0      2742.80746
1980.0      2819.68247
1981.0      2839.65914
1982.0      2816.90904
1983.0      2756.22151
1984.0      2786.86996
1985.0      2794.92470
1986.0      2765.01837
1987.0      2715.36210
1988.0      2740.13553
1989.0      2760.12779
1990.0      2761.24493
1991.0      2741.66681
1992.0      2808.69027
1993.0      2830.51070
1994.0      2804.87777
1995.0      2727.79963
1996.0      2775.38554
1997.0      2771.72941
1998.0      2741.56519
1999.0      2666.93238
2000.0      2725.99487
2001.0      2753.29187
2002.0      2762.49491
2003.0      2717.75274
2004.0      2738.43240
2005.0      2752.90902
2006.0      2715.67461
2007.0      2636.76824
2008.0      2634.76043
2009.0      2661.29958
2010.0      2660.97920
2011.0      2650.83860
2012.0      2756.06522
2013.0      2810.29975
2014.0      2789.44025
2015.0      2711.65897
2016.0      2751.46365
2017.0      2732.65124
2018.0      2715.24483
2019.0      2659.88553
2020.0      2718.80735
2021.0      2722.45590
2022.0      2737.72145
2023.0      2714.08085
2024.0      2764.02618
2025.0      2772.40905
2026.0      2738.86991
2027.0      2677.61987
2028.0      2708.13549
2029.0      2715.15121
2030.0      2702.79173
2031.0      2675.21363
2032.0      2753.04960
2033.0      2784.83095
2034.0      2771.10431
2035.0      2696.01053
2036.0      2708.59642
2037.0      2679.78399
2038.0      2651.51041
2039.0      2582.67450
2040.0      2629.93227
2041.0      2635.82301
2042.0      2633.43229
2043.0      2599.54167
2044.0      2694.44797
2045.0      2733.17467
2046.0      2688.17453
2047.0      2602.83854
2048.0      2639.86981
2049.0      2644.94800
2050.0      2605.54164
2051.0      2557.65882
2052.0      2618.29947
2053.0      2647.85426
2054.0      2659.79168
2055.0      2618.14328
2056.0      2659.10417
2057.0      2639.97927
2058.0      2616.33069
2059.0      2535.96351
2060.0      2575.68221
2061.0      2590.82296
2062.0      2600.16663
2063.0      2572.11977
2064.0      2666.69794
2065.0      2711.35434
2066.0      2684.47140
2067.0      2598.97136
2068.0      2617.95572
2069.0      2615.52609
2070.0      2596.39319
2071.0      2534.82287
2072.0      2575.78378
2073.0      2598.73703
2074.0      2611.54945
2075.0      2582.59635
2076.0      2651.97137
2077.0      2653.94021
2078.0      2596.29943
2079.0      2501.93221
2080.0      2553.63532
2081.0      2562.35420
2082.0      2524.40873
2083.0      2451.96340
2084.0      2532.35406
2085.0      2572.15888
2086.0      2561.84627
2087.0      2505.16658
2088.0      2550.01815
2089.0      2544.24478
2090.0      2509.41653
2091.0      2446.77591
2092.0      2486.26027
2093.0      2494.68223
2094.0      2489.99465
2095.0      2465.48685
2096.0      2540.42439
2097.0      2554.36980
2098.0      2521.05717
2099.0      2442.47903
2100.0      2481.26025
2101.0      2473.89316
2102.0      2455.23678
2103.0      2408.82275
2104.0      2506.26808
2105.0      2552.96356
2106.0      2567.59627
2107.0      2504.79941
2108.0      2530.22905
2109.0      2495.20567
2110.0      2445.26022
2111.0      2379.54926
2112.0      2430.15084
2113.0      2456.80719
2114.0      2446.20555
2115.0      2421.51024
2116.0      2502.66654
2117.0      2539.90103
2118.0      2507.82279
2119.0      2432.17432
2120.0      2475.52588
2121.0      2484.55723
2122.0      2464.80711
2123.0      2398.35399
2124.0      2460.79147
2125.0      2474.81505
2126.0      2488.52587
2127.0      2453.99468
2128.0      2517.65091
2129.0      2507.15100
2130.0      2470.66650
2131.0      2393.15085
2132.0      2427.38520
2133.0      2447.02593
2134.0      2430.41648
2135.0      2385.24457
2136.0      2444.96336
2137.0      2490.47128
2138.0      2476.83058
2139.0      2421.64305
2140.0      2445.92430
2141.0      2431.01811
2142.0      2408.86955
2143.0      2346.08833
2144.0      2397.87734
2145.0      2409.04935
2146.0      2427.55707
2147.0      2375.02585
2148.0      2433.76801
2149.0      2449.13532
2150.0      2417.40864
2151.0      2316.72889
2152.0      2335.63511
2153.0      2352.21334
2154.0      2320.39293
2155.0      2273.86164
2156.0      2342.11171
2157.0      2389.79149
2158.0      2375.52579
2159.0      2329.65859
2160.0      2373.97109
2161.0      2370.62743
2162.0      2346.04136
2163.0      2272.01013
2164.0      2340.09602
2165.0      2363.35401
2166.0      2368.42419
2167.0      2306.65077
2168.0      2391.38516
2169.0      2423.11187
2170.0      2389.63517
2171.0      2299.27574
2172.0      2327.89293
2173.0      2328.73675
2174.0      2296.43195
2175.0      2244.59601
2176.0      2286.83039
2177.0      2311.00234
2178.0      2324.80699
2179.0      2310.96326
2180.0      2361.82264
2181.0      2358.70553
2182.0      2331.70542
2183.0      2255.62729
2184.0      2304.30693
2185.0      2306.15864
2186.0      2308.10381
2187.0      2261.19761
2188.0      2350.63512
2189.0      2394.63526
2190.0      2393.01018
2191.0      2323.84608
2192.0      2319.72887
2193.0      2297.81483
2194.0      2267.00224
2195.0      2223.53349
2196.0      2260.59598
2197.0      2279.01013
2198.0      2278.97882
2199.0      2246.57257
2200.0      2310.90071
2201.0      2308.93988
2202.0      2257.13502
2203.0      2158.86938
2204.0      2208.33809
2205.0      2203.28353
2206.0      2191.90838
2207.0      2136.98655
2208.0      2220.10373
2209.0      2250.12731
2210.0      2260.30691
2211.0      2212.75223
2212.0      2242.86940
2213.0      2232.59602
2214.0      2196.16624
2215.0      2140.69746
2216.0      2195.25997
2217.0      2232.83822
2218.0      2223.41626
2219.0      2173.00999
2220.0      2242.58033
2221.0      2271.61171
2222.0      2251.83033
2223.0      2175.30689
2224.0      2223.98655
2225.0      2219.33042
2226.0      2192.68183
2227.0      2115.72090
2228.0      2169.72087
2229.0      2189.08037
2230.0      2197.12716
2231.0      2165.79124
2232.0      2222.72876
2233.0      2225.03352
2234.0      2169.19746
2235.0      2094.52553
2236.0      2128.36149
2237.0      2142.63500
2238.0      2114.50209
2239.0      2072.57240
2240.0      2165.02556
2241.0      2214.90853
2242.0      2203.80685
2243.0      2113.79120
2244.0      2138.15053
2245.0      2114.65843
2246.0      2090.11141
2247.0      2025.99425
2248.0      2090.61923
2249.0      2111.26780
2250.0      2116.67395
2251.0      2083.02553
2252.0      2148.21306
2253.0      2154.42408
2254.0      2096.37707
2255.0      2024.38483
2256.0      2068.07236
2257.0      2083.05682
2258.0      2052.57233
2259.0      2011.57234
2260.0      2081.10362
2261.0      2107.95528
2262.0      2104.68175
2263.0      2050.06458
2264.0      2092.04111
2265.0      2080.00996
2266.0      2054.60357
2267.0      1984.47857
2268.0      2028.79105
2269.0      2033.88490
2270.0      2037.08793
2271.0      1999.46297
2272.0      2072.64265
2273.0      2100.73653
2274.0      2084.33018
2275.0      2013.13483
2276.0      2045.78327
2277.0      2041.64272
2278.0      1990.19727
2279.0      1927.84568
2280.0      1983.28321
2281.0      2015.54893
2282.0      2027.69730
2283.0      2002.61922
2284.0      2051.10357
2285.0      2031.65834
2286.0      1985.70507
2287.0      1901.88474
2288.0      1940.28315
2289.0      1948.96295
2290.0      1946.56441
2291.0      1907.83005
2292.0      1987.08007
2293.0      2017.93177
2294.0      2011.01760
2295.0      1960.19729
2296.0      1989.96291
2297.0      1976.17388
2298.0      1940.52535
2299.0      1884.61128
2300.0      1926.90033
2301.0      1954.18950
2302.0      1960.90037
2303.0      1929.63475
2304.0      1991.39259
2305.0      2004.86924
2306.0      1963.11131
2307.0      1882.85346
2308.0      1934.28314
2309.0      1948.68170
2310.0      1920.86125
2311.0      1849.15031
2312.0      1912.41594
2313.0      1942.16606
2314.0      1949.99410
2315.0      1917.52537
2316.0      1962.63475
2317.0      1953.87699
2318.0      1912.94720
2319.0      1861.44718
2320.0      1899.10344
2321.0      1923.92383
2322.0      1912.66596
2323.0      1881.33782
2324.0      1947.33785
2325.0      1984.15047
2326.0      1961.79880
2327.0      1883.25190
2328.0      1901.40031
2329.0      1883.29100
2330.0      1860.11900
2331.0      1810.89247
2332.0      1876.00183
2333.0      1907.20509
2334.0      1930.21283
2335.0      1892.65036
2336.0      1928.83783
2337.0      1929.86916
2338.0      1902.04876
2339.0      1828.92371
2340.0      1855.37682
2341.0      1871.29880
2342.0      1850.06433
2343.0      1812.09556
2344.0      1880.83780
2345.0      1924.25196
2346.0      1908.74407
2347.0      1851.57218
2348.0      1884.97841
2349.0      1887.57226
2350.0      1876.92371
2351.0      1801.54872
2352.0      1831.55646
2353.0      1830.72064
2354.0      1841.47836
2355.0      1804.68933
2356.0      1871.18152
2357.0      1892.61913
2358.0      1856.28309
2359.0      1773.97052
2360.0      1805.70490
2361.0      1822.55656
2362.0      1783.11895
2363.0      1728.01735
2364.0      1783.11115
2365.0      1832.55655
2366.0      1843.22838
2367.0      1809.29870
2368.0      1833.89242
2369.0      1818.96280
2370.0      1790.18144
2371.0      1711.49393
2372.0      1746.14232
2373.0      1750.82213
2374.0      1762.53296
2375.0      1727.29082
2376.0      1812.47051
2377.0      1834.80659
2378.0      1808.78302
2379.0      1726.65799
2380.0      1749.78297
2381.0      1747.92366
2382.0      1713.22825
2383.0      1673.35323
2384.0      1717.21265
2385.0      1754.98615
2386.0      1759.82987
2387.0      1732.91581
2388.0      1764.43142
2389.0      1762.21275
2390.0      1742.41577
2391.0      1682.10327
2392.0      1735.41575
2393.0      1734.15806
2394.0      1716.82198
2395.0      1673.77513
2396.0      1753.61891
2397.0      1787.51746
2398.0      1783.15801
2399.0      1740.83769
2400.0      1756.06424
2401.0      1741.59552
2402.0      1714.45482
2403.0      1673.33762
2404.0      1686.76729
2405.0      1691.62671
2406.0      1692.65793
2407.0      1692.54857
2408.0      1756.12674
2409.0      1775.79088
2410.0      1738.12671
2411.0      1658.12668
2412.0      1685.40789
2413.0      1670.55643
2414.0      1649.04065
2415.0      1587.36100
2416.0      1650.08754
2417.0      1681.47829
2418.0      1703.12668
2419.0      1676.72044
2420.0      1704.50169
2421.0      1695.93141
2422.0      1652.83758
2423.0      1597.54066
2424.0      1622.10317
2425.0      1647.47043
2426.0      1644.03288
2427.0      1627.57975
2428.0      1683.93135
2429.0      1698.66580
2430.0      1657.44694
2431.0      1585.65004
2432.0      1625.90003
2433.0      1636.99388
2434.0      1622.82189
2435.0      1560.42346
2436.0      1602.72813
2437.0      1622.33761
2438.0      1636.19692
2439.0      1605.95475
2440.0      1639.35318
2441.0      1644.55636
2442.0      1609.07192
2443.0      1551.14217
2444.0      1569.74375
2445.0      1585.00943
2446.0      1555.69685
2447.0      1518.34527
2448.0      1578.68906
2449.0      1615.88447
2450.0      1605.59533
2451.0      1548.15782
2452.0      1577.32185
2453.0      1555.25161
2454.0      1524.10304
2455.0      1457.33743
2456.0      1498.65771
2457.0      1510.50156
2458.0      1532.31400
2459.0      1529.16561
2460.0      1604.80627
2461.0      1631.42354
2462.0      1588.17345
2463.0      1508.04838
2464.0      1514.29837
2465.0      1511.87655
2466.0      1473.34520
2467.0      1435.54050
2468.0      1494.89992
2469.0      1527.93125
2470.0      1537.40775
2471.0      1505.21247
2472.0      1534.55618
2473.0      1513.65000
2474.0      1499.47802
2475.0      1440.54054
2476.0      1466.17330
2477.0      1468.19683
2478.0      1477.12645
2479.0      1453.62647
2480.0      1516.44680
2481.0      1550.04065
2482.0      1529.72808
2483.0      1470.61084
2484.0      1483.14210
2485.0      1491.31401
2486.0      1461.30614
2487.0      1429.16548
2488.0      1462.89990
2489.0      1489.62651
2490.0      1503.47023
2491.0      1482.92339
2492.0      1521.97804
2493.0      1519.26720
2494.0      1498.59522
2495.0      1417.25925
2496.0      1447.78265
2497.0      1458.21246
2498.0      1446.80610
2499.0      1397.60297
2500.0      1460.95456
